17.32,102.809998,2.98,-11.505,1.758,-0.41,0.034237324821667074,0.044404149851016,0.006987191625699299,0.028542888766127456
16.68,102.279999,2.83,-11.567,1.711,-0.415,0.03297220427398423,0.04417524064495913,0.006635487349237926,0.02792764408939376
17.07,102.260002,3.45,-11.56,1.935,-0.397,0.033743137107728464,0.04416660384112833,0.008089198358611605,0.02866631310248947
16.67,102.660004,3.37,-11.583,1.805,-0.416,0.03295243676542669,0.04433936669585289,0.007901622744498873,0.028397808735259485
17.02,102.769997,3.0,-11.63,1.78,-0.438,0.03364429956494074,0.044386873220019565,0.007034085529227483,0.028355086104729258
17.450001,103.400002,3.16,-11.598,1.75,-0.44,0.03449430440966601,0.04465897551523495,0.007409236757452949,0.0288541722274513
17.82,103.809998,3.44,-11.578,1.776,-0.457,0.0352257002495443,0.0448360548283025,0.008065751406847513,0.0293758354948981
17.91,104.040001,3.66,-11.61,1.71,-0.458,0.035403607826562204,0.04493539426879334,0.008581584345657528,0.029640195480337694
16.83,105.080002,2.79,-11.713,1.691,-0.466,0.033268716902347395,0.04538457587707628,0.006541699542181559,0.028398330773868413
16.25,105.099998,2.81,-11.736,1.644,-0.474,0.03212220140600981,0.045393212249002106,0.006588593445709742,0.02803466903357388
15.97,104.839996,3.88,-11.654,1.6,-0.472,0.03156871116639857,0.04528091609109766,0.009097417284467543,0.028649014847321255
16.549999,105.18,3.99,-11.695,1.61,-0.479,0.03271522468598529,0.045427765510994984,0.009355333753872552,0.02916610798361761
17.75,104.160004,4.03,-11.671,1.717,-0.458,0.03508732768964149,0.04498722416178265,0.00944912156092892,0.029841224470784355
18.25,105.18,2.76,-11.75,1.732,-0.468,0.03607570311751872,0.045427765510994984,0.006471358686889283,0.02932494243846766
18.780001,103.720001,2.61,-11.644,1.803,-0.442,0.037123383047819425,0.044797184676061655,0.006119654410427909,0.029346740711436326
17.65,103.68,1.2,-11.761,1.692,-0.442,0.03488965260406604,0.04477990804506522,0.002813634211690993,0.027494398286940752
18.48,102.949997,1.69,-11.681,1.812,-0.405,0.03653035581434224,0.04446461611593113,0.003962534848131482,0.028319168926134952
18.32,103.010002,1.62,-11.688,1.714,-0.404,0.03621407567742153,0.04449053257409321,0.0037984061857828408,0.028167671479099193
17.540001,104.550003,1.1,-11.691,1.849,-0.417,0.03467221198668391,0.04515566667101941,0.002579164694050077,0.02746901445058447
16.629999,106.029999,0.3,-11.826,1.756,-0.437,0.032873364754445654,0.04579488430978354,0.0007034085529227483,0.02645721920571732
17.16,104.580002,1.64,-11.662,1.838,-0.412,0.03392104468474636,0.04516862338843303,0.0038453000893110237,0.027644989387496804
17.299999,105.120003,1.58,-11.656,1.82,-0.407,0.034197787827801134,0.04540185250807272,0.0037046183787264745,0.02776808623820011
18.23,104.93,1.68,-11.622,1.841,-0.396,0.03603616810040362,0.045319789266673356,0.00393908789636739,0.02843168175448146
18.950001,104.949997,1.13,-11.731,1.912,-0.424,0.037459430693297685,0.04532842607050415,0.0026495055493423515,0.02847912077104806
18.35,104.620003,0.93,-11.762,1.792,-0.419,0.03627337820309416,0.045185900019429466,0.0021805665140605195,0.027879948245528054
18.290001,104.610001,0.99,-11.748,1.746,-0.428,0.036154775128499746,0.04518158010584665,0.002321248224645069,0.02788586781966382
19.690001,103.779999,1.94,-11.63,1.792,-0.415,0.038922226326555974,0.044823098110888894,0.004548708642233772,0.02943134435989288
19.5,103.529999,1.87,-11.666,1.72,-0.409,0.03854664168721178,0.044715121866567266,0.004384579979885131,0.029215447844554723
19.76,103.160004,2.17,-11.618,1.757,-0.392,0.03906059690970794,0.044555319184496144,0.005087988532807878,0.029567968209003984
20.190001,103.769997,1.95,-11.663,1.742,-0.413,0.0399106017544332,0.04481877819730607,0.0045721555939978635,0.02976717851524571
20.34,104.5,1.7,-11.73,1.774,-0.429,0.04020711240604551,0.045134070126440155,0.003985981799895573,0.029775721444127084
18.530001,104.07,1.87,-11.761,1.508,-0.432,0.036629195333880815,0.044948350986206954,0.004384579979885131,0.028654042099990965
18.41,105.220001,2.31,-11.739,1.627,-0.451,0.036391983254439424,0.04544504214199142,0.005416245857505162,0.029084423751312
17.309999,104.940002,3.09,-11.675,1.526,-0.458,0.03421755533635868,0.04532410918025618,0.0072451080951043065,0.028928924203906387
17.35,105.989998,2.83,-11.696,1.774,-0.476,0.03429662734733971,0.0457776076787871,0.006635487349237926,0.028903240791788246
15.3,106.449997,2.66,-11.654,1.559,-0.477,0.030244288093043088,0.04597628353643391,0.006236889169248368,0.02748582026624179
16.26,105.900002,2.19,-11.675,1.654,-0.47,0.03214196891456736,0.04573873795845122,0.005134882436336062,0.027671863103118213
15.87,105.260002,1.7,-11.687,1.68,-0.455,0.031371036080823124,0.045462318772987856,0.003985981799895573,0.02693977888456885
15.09,105.160004,1.47,-11.685,1.597,-0.461,0.029829170413334653,0.04541912913906916,0.003446701909321466,0.026231667153908424
15.14,105.639999,0.89,-11.771,1.567,-0.481,0.029928007956122375,0.0456264413686418,0.002086778707004153,0.025880409343922776
14.7,105.080002,1.54,-11.641,1.603,-0.457,0.029058237579590415,0.04538457587707628,0.0036108305716701077,0.026017881342778937
15.07,105.830002,0.62,-11.703,1.735,-0.475,0.029789635396219562,0.04570850461004116,0.0014537110093736797,0.025650617005211467
14.71,105.959999,-0.16,-11.78,1.66,-0.49,0.02907800508814796,0.04576465096137348,-0.00037515122822546576,0.024822501607098656
14.88,105.709999,0.03,-11.727,1.679,-0.47,0.02941405273362622,0.04565667471705185,7.034085529227482e-05,0.02504702276865678
15.46,105.589996,0.3,-11.673,1.813,-0.443,0.0305605682299638,0.04560484482406254,0.0007034085529227483,0.0256229405356497
16.24,106.849998,-0.18,-11.782,1.784,-0.46,0.032102433897452265,0.046149045959253496,-0.0004220451317536489,0.02594314490831737
18.58,104.75,-0.09,-11.772,1.847,-0.416,0.03672803089991768,0.04524204637076178,-0.00021102256587682446,0.02725301823493421
18.389999,103.120003,0.09,-11.737,1.737,-0.386,0.03635244626057348,0.044538042553499704,0.00021102256587682446,0.02703383712665
16.709999,104.550003,-0.07,-11.795,1.639,-0.418,0.033031504822906003,0.04515566667101941,-0.00016412866234864128,0.026007680943858923
16.58,105.57,-0.49,-11.848,1.61,-0.446,0.03277452918840878,0.045596208452136716,-0.0011489006364404889,0.02574061233470167
16.719999,104.959999,-0.57,-11.778,1.813,-0.433,0.03305127233146355,0.04533274598408697,-0.0013364762505532215,0.02568251402166577
15.81,105.629997,-2.01,-11.972,1.619,-0.467,0.031252431029477855,0.04562212145505898,-0.004712837304582412,0.02405390505998481
17.33,106.849998,-0.84,-11.896,1.962,-0.46,0.034257092330224614,0.046149045959253496,-0.001969543948183695,0.02614553144709814
16.17,107.660004,-0.73,-12.029,1.718,-0.441,0.03196406133754946,0.04649889158228543,-0.0017116274787786873,0.025583775147018734
14.93,106.43,-1.19,-12.103,1.48,-0.427,0.02951289027641394,0.04596764673260312,-0.002790187259926901,0.02423011658303005
15.63,108.040001,-2.7,-12.306,1.396,-0.516,0.030896615875442058,0.046663014177939374,-0.0063306769763047345,0.023742984359025564
16.92,108.559998,-2.85,-12.272,1.46,-0.484,0.0334466244793653,0.04688760347041342,-0.006682381252766109,0.02455061556567087
18.190001,108.5,-2.82,-12.317,1.457,-0.367,0.0359571000429243,0.04686169003558619,-0.006612040397473833,0.025402249893678886
17.129999,109.510002,-3.2,-12.509,1.498,-0.376,0.03386174018232288,0.04729791492645552,-0.007503024564509315,0.02455221018142303
17.83,110.970001,-2.24,-12.47,1.511,-0.411,0.03524546775810184,0.04792849576138884,-0.005252117195156521,0.025973948774778058
15.34,114.239998,-4.25,-12.779,1.582,-0.43,0.030323358127273263,0.049340823741400794,-0.009964954499738934,0.02323307578964504
18.209999,116.550003,-4.23,-12.877,1.734,-0.426,0.03599663110653768,0.05033852639845752,-0.009918060596210752,0.025472365636261485
15.87,119.889999,-7.15,-13.437,1.695,-0.47,0.031371036080823124,0.05178108729497455,-0.016764570511325502,0.022129184288157387
17.98,121.379997,-8.8,-13.701,2.257,-0.458,0.035541980386465014,0.052424624847321494,-0.020633317552400617,0.022444429227128627
11.75,122.790001,-10.49,-13.876,1.769,-0.464,0.02322682255511479,0.05303361259291538,-0.0245958524005321,0.017221527582499355
15.13,126.599998,-13.26,-14.45,1.667,-0.47,0.02990824044756483,0.05467916926066204,-0.03109065803918547,0.017832250556347132
22.67,123.769997,-5.11,-13.86,4.258,-0.098,0.044812941899953385,0.053456877743036244,-0.011981392351450813,0.02876280909717961
15.06,132.899994,-14.41,-15.23,3.605,-0.441,0.02976986788766202,0.05740016888994713,-0.03378705749205601,0.017794326428517714
12.66,130.369995,-10.52,-15.05,0.514,-0.954,0.025025665833851338,0.05630744972931724,-0.02466619325582437,0.01888897410244807
14.08,122.199997,-8.38,-14.394,0.973,-0.779,0.027832652049022657,0.052778786928696426,-0.01964854557830877,0.020320964466470106
9.45,115.160004,-7.23,-13.749,2.436,-0.158,0.01868029558687955,0.049738178911934244,-0.016952146125438234,0.01715544279112519
10.04,117.07,-3.56,-13.093,1.857,-0.072,0.019846578591774678,0.05056311569093157,-0.008347114828016613,0.02068752648489654
19.33,131.369995,-14.54,-14.601,1.855,-0.596,0.03821059404173352,0.05673935470660375,-0.034091867864989196,0.020286026961116026
26.870001,126.279999,-10.2,-14.441,3.701,-0.556,0.05311529747087293,0.05454096009983534,-0.023915890799373438,0.027913455590444943
15.09,119.57,-3.39,-13.704,2.147,-0.279,0.029829170413334653,0.051642878134147835,-0.007948516648027055,0.024507843966485147
12.97,124.639999,-9.12,-14.514,1.299,-0.344,0.02563845859913522,0.05383263593708546,-0.021383620008851544,0.01936249150912305
13.23,120.769997,-6.27,-13.874,1.391,-0.489,0.026152413821631377,0.05216116281117672,-0.014701238756085437,0.021204112625574218
20.57,123.949997,-7.11,-13.957,2.959,-0.554,0.04066176510286904,0.053534620638947816,-0.016670782704269135,0.025841867679182572
21.969999,123.599998,-8.74,-14.349,3.195,-0.364,0.04342921432417442,0.05338345432880252,-0.020492635841816067,0.025440010937053625
12.8,113.790001,-4.56,-13.929,1.678,-0.218,0.025302410953656963,0.0491464677973368,-0.010691810004425772,0.021252356248855995
15.45,116.650002,-5.34,-13.96,1.921,-0.344,0.030540800721406254,0.05038171646428119,-0.01252067224202492,0.022800614981220838
20.110001,124.639999,-5.02,-13.855,2.059,-0.588,0.03975246168597285,0.05383263593708546,-0.011770369785573987,0.027271575945828106
22.040001,123.089996,-4.83,-13.965,2.432,-0.472,0.04356759083757893,0.053163181926576444,-0.011324877702056247,0.028468631687366377
17.48,119.879997,-8.63,-14.588,2.479,-0.088,0.03455360495858779,0.051776767381391725,-0.02023471937241106,0.022031884322522816
15.06,116.120003,-4.83,-13.72,1.927,-0.136,0.02976986788766202,0.05015280725822432,-0.011324877702056247,0.022865932481276694
23.15,118.029999,-5.34,-13.607,2.398,-0.525,0.04576178231071552,0.05097774403722164,-0.01252067224202492,0.02807295136863741
24.67,119.879997,-5.17,-13.965,2.934,-0.491,0.04876644361146229,0.051776767381391725,-0.012122074062035361,0.029473712310272886
16.799999,118.690002,-2.07,-13.715,2.637,-0.41,0.03320941239992391,0.05126280261794567,-0.004853519015166963,0.026539565334234207
13.12,119.389999,-3.21,-13.685,2.162,-0.408,0.025934971227498382,0.05156513480633129,-0.007526471516273406,0.02332454483918542
34.48,129.759995,-10.73,-15.406,4.396,-0.567,0.06815836950641344,0.05604398769317248,-0.025158579242870297,0.03301459265223854
13.55,121.400002,-3.78,-13.897,0.371,-0.423,0.0267849740954728,0.0524332651063921,-0.008862947766826628,0.02345176381167943
8.24,123.730003,-8.23,-14.258,0.409,-0.574,0.01628842705141667,0.053439604135374644,-0.019296841301847393,0.01681039662831464
27.57,119.080002,-3.94,-13.625,4.615,-0.377,0.05449902109315019,0.0514312455590874,-0.009238098995052093,0.03223072255239517
19.27,112.349998,5.33,-12.129,2.786,-0.266,0.03809198899038825,0.04852452333432929,0.012497225290260828,0.03303791253832612
1.3,126.300003,-9.08,-14.526,-0.426,-0.788,0.0025697761124807853,0.05454959992700098,-0.02128983220179518,0.011943181279228861
24.35,166.880005,-24.49,-21.695999,2.189,-1.804,0.048133883337620864,0.07207630476909746,-0.05742158487026035,0.02092953441215266
25.120001,137.190002,-15.85,-16.524,1.567,-0.767,0.04965598347330264,0.059253044697746074,-0.0371634185460852,0.023915203208321172
-17.65,137.020004,-0.6,-15.962,-3.54,-0.861,-0.03488965260406604,0.059179621715417324,-0.0014068171058454965,0.007627717335168596
28.709999,119.25,9.89,-12.618,3.762,-0.653,0.05675251509195941,0.05150466854141616,0.0231890352946866,0.04381540630935405
21.41,111.019997,16.33,-11.643,-0.465,-0.505,0.042322235821702775,0.04795008928263326,0.03828887223076159,0.042853732445032544
-30.77,120.889999,43.200001,-14.864,-6.999,-0.461,-0.06082462383156443,0.052212992272261054,0.10129083396557093,0.03089306746875585
42.189999,114.18,14.71,-13.947,6.33,-0.349,0.0833991166275294,0.04931491030657356,0.03449046604497876,0.055734830993027236
7.67,117.419998,13.09,-13.321,-2.602,-1.152,0.015161679063636632,0.0507142815691719,0.030692059859195917,0.03218934016400148
43.560001,123.540001,0.42,-14.668,0.956,-1.128,0.0861072692534147,0.05335754132588026,0.0009847719740918475,0.04681652751779561
-21.219999,99.870003,54.720001,-12.084,-4.301,-0.044,-0.04194665118235858,0.04313435137731855,0.12830172239780446,0.043163140864254816
-12.37,133.809998,-6.69,-17.370001,-1.979,-0.739,-0.024452408085682546,0.05779320414689777,-0.015686010730177287,0.005884928443679313
43.07,107.849998,25.940001,-12.068,4.54,-0.571,0.08513865935734417,0.04658095093654,0.06082139522074881,0.06418033517154433
17.41,104.410004,10.94,-12.029,-0.62,-0.925,0.03441523239868498,0.04509520040610428,0.02565096522991622,0.035053799344901826
23.75,94.870003,14.82,-11.419,6.975,0.215,0.04694783282416819,0.040974826490886004,0.034748382514383766,0.04089034727647932
-6.02,113.339996,-6.31,-14.195,2.821,0.206,-0.011900040151641788,0.04895210839803298,-0.014795026563141803,0.007419013894416463
14.87,115.300003,4.85,-13.645,1.931,-0.522,0.02939428522506867,0.049798645176849385,0.011371771605584429,0.030188234002500827
16.700001,133.729996,-6.77,-16.405001,-0.656,-1.957,0.03301174126785017,0.057758650884904894,-0.01587358634429002,0.024965601936155015
33.240002,102.669998,22.66,-11.845,8.755,-0.22,0.06570720239877963,0.044343683154195894,0.05313079269743159,0.0543938927501357
-34.419998,104.639999,9.55,-12.462,1.03,0.456,-0.06803976050156646,0.04519453639135529,0.02239183893470749,-0.00015112839183456053
-4.15,108.559998,17.690001,-12.86,0.789,-0.151,-0.008203516051380968,0.04688760347041342,0.04147766001537323,0.02672058247813523
48.259998,131.309998,3.35,-15.626,5.351,-1.75,0.09539799234520806,0.0567134417036815,0.007854728840970689,0.053322054296620076
40.720001,109.980003,31.73,-12.243,9.713,-0.736,0.08049329682307207,0.04750091069768515,0.07439717794746267,0.0674637951560733
-49.369999,108.730003,48.439999,-13.202,-3.529,0.077,-0.09759218777184635,0.04696102947607702,0.11357703200056457,0.020981957901598413
-36.310001,144.929993,25.66,-19.105,-7.411,-1.059,-0.07177582554919494,0.06259598533479886,0.060164878226659065,0.016995012670754327
5.91,125.089996,10.05,-14.14,-2.559,-1.671,0.0116825975575088,0.054026991881149455,0.02356418652291207,0.029757925320523442
44.509998,140.550003,10.52,-16.165001,7.143,-1.845,0.08798517663612887,0.06070424585333373,0.02466619325582437,0.057785205248428985
10.72,105.309998,17.049999,-11.782,2.103,0.217,0.021190769173687705,0.04548391229423227,0.039977050413081014,0.035550577293667
-5.76,120.769997,12.93,-14.556,-4.052,-0.175,-0.011386084929145631,0.05216116281117672,0.03031690863097045,0.02369732883766718
52.240002,119.769997,27.450001,-12.216,5.306,-0.924,0.10326546865811417,0.051729257833890215,0.06436188493712665,0.07311887047637701
25.66,128.880005,4.18,-13.422,1.452,-1.722,0.05072342695865919,0.055663915632210126,0.009800825837390292,0.03872938947608654
14.26,195.440002,83.760002,-27.577999,-0.41,-2.946,0.028188467203058457,0.0844115096246852,0.19639167266542165,0.10299721649772177
-12.58,107.870003,30.379999,-13.819,-6.424,0.037,-0.02486752576539098,0.04658959119561062,0.07123183711461513,0.030984634181611587
22.84,112.489998,12.52,-12.478,2.505,-0.382,0.04514898954543164,0.048584990031149404,0.029355583608642693,0.04102985439507458
36.049999,119.82,11.23,-12.628,3.622,-1.528,0.07126186637319706,0.05175085437846946,0.026330926831074877,0.0497812158609138
39.380001,110.690002,7.87,-13.417,-0.104,-1.08,0.0778444506763611,0.0478075627996536,0.018452751038340095,0.04803492150478494
19.379999,87.290001,18.219999,-11.257,-1.041,0.532,0.03830942960777039,0.03770098589924432,0.04272034376947974,0.03957691975883148
-20.639999,106.82,8.39,-12.511,-0.13,0.714,-0.04080013568602099,0.04613608967374485,0.01967199253007286,0.008335982172598906
19.49,123.25,-0.66,-13.619,2.979,-1.115,0.03852687417865423,0.053232288450562194,-0.0015474988164300462,0.03007055460426213
44.709999,133.0,-7.68,-16.789,1.426,-2.388,0.08838052878403062,0.05744336197910565,-0.018007258954822355,0.042605543936104634
9.18,174.449997,99.809998,-25.334999,5.88,-2.479,0.01814657285582585,0.0753458219919165,0.23402402086800797,0.10917213857191677
-63.869999,98.790001,39.279999,-11.746,-2.593,0.556,-0.12625507518028586,0.04266789313803917,0.09209962418465666,0.002837480714136656
31.809999,106.519997,14.91,-12.756,3.83,0.054,0.0628804427447982,0.04600651688484397,0.03495940508026059,0.04794878823663425
38.529999,111.349998,12.36,-13.279,0.071,-1.829,0.0761642084954681,0.04809261835704278,0.028980432380417226,0.051079086410976034
12.29,116.699997,7.18,-13.724,4.811,-1.644,0.02429426801722219,0.05040330955362063,0.016834911366617775,0.030510829645820196
-16.459999,90.93,12.21,-10.256,1.657,0.733,-0.032537317108967394,0.03927311958466224,0.028628728103955857,0.011788176859883566
24.66,103.940002,10.25,-12.944,-0.928,0.579,0.04874667610290474,0.04489220420296967,0.0240331255581939,0.03922400195468944
27.190001,117.830002,14.47,-12.787,-0.633,-1.472,0.05374785774471435,0.05089136433747927,0.033927739202640556,0.046188987094944726
21.440001,137.830002,3.13,-14.227,3.961,-2.306,0.04238154032412626,0.05952946388320945,0.007338895902160673,0.03641663336983213
3.7,179.179993,101.57,-24.208,0.657,-2.385,0.0073139781662914655,0.07738873080686177,0.23815068906787845,0.10761779934701056
-22.200001,140.089996,61.509998,-19.837999,-8.348,-0.838,-0.043883870974499646,0.060505566540447094,0.14422219561153712,0.05361463039249486
52.77,120.580002,33.060001,-13.32,8.292,-0.272,0.10431314265816234,0.052079103025017164,0.07751562487678203,0.07796929018665384
31.42,130.869995,9.6,-12.619,5.385,-1.869,0.06210951188780483,0.0565234022179605,0.022509073693527944,0.04704732926643109
27.1,119.629997,-2.02,-14.78,-1.805,-1.644,0.0535699481909456,0.0516687911370701,-0.004736284256346505,0.033500818357223065
13.65,85.360001,10.88,-11.848,-1.197,0.546,0.026982649181048243,0.036867409293081355,0.025510283519331673,0.02978678066448709
-18.98,94.980003,20.59,-10.751,0.941,0.774,-0.037518731242219466,0.04102233603838752,0.04827727368226462,0.017260292826144226
28.709999,120.199997,6.74,-12.943,4.025,-1.331,0.05675251509195941,0.05191497697412341,0.015803245488997746,0.04149024585169352
64.169998,109.720001,9.31,-13.033,3.619,-1.812,0.12684809846026138,0.04738861453978071,0.021829112092369287,0.0653552750308038
-8.69,138.020004,115.120003,-19.611,2.108,-1.49,-0.01717796493650617,0.05961152669270384,0.2699213157423081,0.10411829249950193
-77.269997,143.850006,61.299999,-19.775,-4.392,-0.672,-0.1527435326938938,0.06212953357409414,0.14372981196918638,0.01770527094979558
52.990002,109.910004,30.780001,-12.991,7.569,-0.145,0.10474803179993002,0.047470677781180075,0.07216971987456915,0.07479614315189308
52.419998,114.309998,10.83,-13.247,1.156,-2.112,0.10362127590514657,0.04937105708981085,0.02539304876051121,0.05946179391848954
7.67,109.620003,7.45,-12.411,2.527,-1.342,0.015161679063636632,0.04734542490586201,0.017467979064248247,0.026658361011248966
-8.98,94.410004,12.1,-10.353,2.732,0.75,-0.017751222684674963,0.040776150633239194,0.028370811634550845,0.017131913194371694
5.02,120.709999,6.76,-15.155,-4.251,0.007,0.009923289295887339,0.05213524937634948,0.015850139392525928,0.025969559354920915
33.880001,114.529999,17.5,-12.413,-0.131,-1.542,0.06697232096971163,0.04946607661671886,0.041032165587160316,0.05249018772453027
40.57,127.169998,16.84,-13.58,7.98,-2.174,0.08019678221795803,0.05492535509771535,0.039484666770730266,0.05820226802880121
-24.76,155.360001,94.5,-21.158001,-3.132,-1.665,-0.04894435118848019,0.06710075770313696,0.2215736941706657,0.07991003356177416
7.04,87.260002,38.740002,-11.221,-4.853,0.769,0.013916326024511328,0.0376880291818307,0.09083349582348124,0.04747928367660775
53.790001,108.470001,31.65,-12.195,5.992,-0.541,0.10632943050778272,0.04684873331817257,0.07420960233334993,0.07579592205310175
13.94,122.410004,4.1,-12.94,2.1,-2.137,0.027555906929217035,0.05286948999726143,0.009613250223277558,0.030012882383252004
35.490002,98.349998,11.27,-11.384,0.734,-0.955,0.07015489182422714,0.042477853652318175,0.02642471463813124,0.04635248670489218
24.120001,79.639999,22.24,-10.003,-1.389,0.713,0.04767923261754819,0.034396911959192575,0.05214602072333973,0.0447407217666935
-16.389999,97.279999,22.870001,-10.939,-0.064,0.817,-0.03239894454906458,0.042015715758526584,0.053623181029172684,0.021079984079544895
19.809999,117.669998,7.92,-12.113,4.156,-1.541,0.039159432475744806,0.050822257813493525,0.018569985797160554,0.03618389202879963
47.130001,115.910004,1.95,-13.072,0.677,-2.207,0.09316426980845809,0.05006210764489913,0.0045721555939978635,0.049266177682451694
-5.72,106.910004,113.169998,-14.665,-0.214,-0.244,-0.011307014894915455,0.04617496284932055,0.26534914842483437,0.10007236545974647
-39.040001,87.949997,19.33,-10.107,0.818,1.232,-0.07717235538540458,0.0379860414566335,0.045322957759989076,0.0020455479437393315
19.860001,116.190002,12.4,-12.199,4.296,-0.583,0.039258273972034234,0.050183040174729396,0.029074220187473594,0.0395051781114124
42.849998,114.669998,8.25,-12.531,0.428,-2.14,0.08470377021557647,0.049526542881633995,0.01934373520537558,0.05119134943419534
-7.9,104.730003,5.95,-12.658,-0.853,-1.08,-0.015616331760460157,0.045233409566930984,0.013950936299634507,0.014522671368701778
-22.440001,78.75,31.110001,-8.117,3.203,1.229,-0.044358291179880716,0.03401251696131256,0.07294346928278417,0.020865898354738666
6.01,102.050003,41.369999,-11.149,-0.767,0.566,0.011880272643084245,0.044075904227803143,0.09700003710335181,0.050985404658079735
74.349998,109.540001,46.32,-11.446,4.91,-1.913,0.14697142217184164,0.047310871643869136,0.10860628057127233,0.10096285812899437
11.73,131.210007,5.21,-14.51,0.792,-2.359,0.0231872875379997,0.056670255093097636,0.012215861869091727,0.030691134833396357
-42.610001,100.470001,34.880001,-10.526,-2.832,0.748,-0.08422935594044798,0.0433934934998805,0.0817829700978467,0.013649035885759742
25.17,105.32,13.32,-12.191,0.598,0.735,0.04975481903933951,0.04548823220781509,0.031231339749770024,0.042158130332308204
66.650002,124.760002,17.57,-13.935,4.016,-1.667,0.13175044848953582,0.05388446583007477,0.041196294249508957,0.07561040285637319
62.5,135.460007,27.76,-14.922,9.372,-2.515,0.12354692848465314,0.0585058512465653,0.0650887380971183,0.08238050594277892
18.49,92.650002,17.25,-10.037,0.456,-0.12,0.03655012332289978,0.04001599700940498,0.04044599179305802,0.039004037375120926
15.08,107.18,99.849998,-14.156,-1.884,0.28,0.029809402904777106,0.046291575465568,0.23411780867506435,0.10340626234846982
-12.07,99.879997,43.700001,-11.546,-2.586,0.364,-0.023859382828956215,0.04313866783566155,0.10246318155377551,0.04058082218682695
49.41,127.43,28.49,-13.224,10.698,-2.224,0.09767125978282737,0.0550376512556198,0.06680036557589698,0.07316975887144805
13.36,114.07,2.35,-12.793,-2.515,-1.767,0.026409391432879452,0.04926740075907204,0.005510033664561528,0.02706227528550434
7.17,126.199997,109.440002,-18.525999,-1.566,-0.104,0.014173303635759407,0.05450640683784246,0.2566034447956089,0.10842771842307027
-0.38,96.519997,15.77,-11.253,3.776,0.991,-0.0007511653251866911,0.04168746711197888,0.036975842931972466,0.025970714906254886
5.46,130.960007,-0.74,-13.706,2.121,-1.511,0.010793059672419298,0.05656227884877601,-0.001735074430542779,0.021873421363550843
33.880001,126.360001,0.34,-13.591,-1.348,-2.531,0.06697232096971163,0.05457551336182821,0.0007971963599791148,0.040781676897172985
12.06,102.68,0.39,-12.791,0.254,-0.491,0.02383961532039867,0.04434800306777871,0.0009144311187995728,0.023034016502325654
-24.629999,91.419998,15.05,-9.953,0.574,1.024,-0.048687371600481255,0.03948475215972267,0.03528766240495787,0.008695014321399762
30.52,121.519997,10.92,-12.684,0.973,-0.071,0.06033043611762581,0.052485091544141604,0.025604071326388037,0.04613986632938515
75.650002,137.570007,6.31,-16.405001,2.02,-2.414,0.14954120619132585,0.059417170748639836,0.014795026563141803,0.07458446783436916
-42.830002,147.119995,50.560001,-19.042999,-7.516,-3.105,-0.0846642431054648,0.06354185809886627,0.11854779046394234,0.03247513515244794
31.84,83.470001,53.689999,-8.029,8.217,1.165,0.06293974724722169,0.036051108886009854,0.12588668167671266,0.0749591792699814
4.04,91.220001,21.15,-10.391,-2.761,0.649,0.007986073457247979,0.0393983724599803,0.04959030298105375,0.032324916299427346
4.55,103.830002,-0.44,-12.959,1.983,-0.607,0.008994216393682747,0.04484469465546814,-0.0010316658776200309,0.01760241505717695
44.630001,135.600006,22.51,-13.934,10.912,-0.902,0.08822239266907196,0.05856631751148044,0.05277908842097021,0.06652259953384086
63.549999,122.459999,30.84,-10.596,4.976,-1.343,0.12562251490644444,0.05289108308660087,0.07231039924045853,0.08360799907783462
-37.200001,118.300003,43.900002,-14.71,-7.764,-1.243,-0.0735351338108164,0.05109436010870891,0.10293212293375252,0.026830449743881674
-38.540001,109.650002,21.74,-11.972,-4.791,0.043,-0.07618397995752736,0.04735838162327563,0.05097367313513515,0.007382691600294473
18.15,105.459999,28.450001,-8.663,0.625,-0.761,0.03587802803194327,0.04554869847273022,0.06670658011353581,0.04937776887273643
53.630001,104.540001,4.01,-12.108,4.677,-0.722,0.10601315037086201,0.045151346757436595,0.009402227657400734,0.05352224159523311
15.61,97.190002,2.24,-11.24,1.622,0.169,0.030857080858326964,0.041976845606285736,0.005252117195156521,0.026028681219923074
-1.2,90.529999,25.639999,-8.661,0.549,-0.504,-0.00237210102690534,0.03910035716184265,0.06011798197843571,0.03228207937112434
56.43,120.449997,11.15,-14.556,8.511,-1.359,0.11154805079022362,0.05202295321844504,0.026143351216962145,0.0632381184085436
5.11,109.959999,2.18,-12.15,0.378,-0.722,0.010101196872905241,0.047492270870519514,0.005111435484571971,0.02090163440933224
28.969999,97.059998,22.629999,-10.282,4.482,-0.158,0.057266470314455566,0.04192069623161857,0.05306044949744414,0.05074920534783942
26.99,96.209999,5.84,-11.78,1.648,-0.016,0.05335250559681261,0.041553577432830016,0.013693019830229499,0.036199700953290705
29.200001,88.910004,16.549999,-9.395,2.35,-0.564,0.0577211269647808,0.0384006732581634,0.038804702824876434,0.044975501015940215
26.0,100.910004,7.54,-10.585,2.04,-1.086,0.0513955222496157,0.0435835329856015,0.017679001630125073,0.03755268562178076
18.26,98.150002,9.77,-11.251,0.35,-0.404,0.036095470626076265,0.04239147438448078,0.0229076718735175,0.033798205628024845
12.8,97.839996,16.559999,-10.897,0.386,-0.261,0.025302410953656963,0.042257581250092095,0.03882814977664053,0.0354627139934632
13.14,96.769997,14.95,-10.513,1.167,-0.33,0.025974506244613477,0.04179544335630051,0.03505319288731695,0.03427438082941031
19.290001,98.620003,5.76,-11.259,1.702,-0.394,0.0381315259842542,0.04259447015571041,0.013505444216116765,0.031410480118693795
24.75,101.629997,11.16,-10.837,2.192,-0.578,0.04892458367992264,0.04389450154591294,0.026166798168726236,0.0396619611315206
16.48,100.18,12.75,-10.506,0.65,-0.446,0.03257685410283334,0.04326824062456244,0.0298948634992168,0.0352466527422042
16.459999,102.290001,2.13,-11.664,1.039,-0.482,0.032537317108967394,0.04417956055854195,0.0049942007257515126,0.027237026131086955
15.23,93.949997,12.92,-10.4,1.413,-0.664,0.030105915533140275,0.040577471320352554,0.03029346167920636,0.03365894951089973
16.879999,94.730003,14.13,-10.915,1.352,-0.416,0.033367552468384264,0.040914359794065894,0.033130542842661447,0.03580415170170387
17.57,94.800003,12.4,-11.204,1.867,-0.01,0.03473151253560569,0.040944593142475956,0.029074220187473594,0.03491677528851841
16.73,99.019997,11.23,-10.991,1.407,-0.548,0.03307104181677195,0.04276722955519516,0.026330926831074877,0.034056399401013994
24.459999,100.099998,6.02,-11.177,1.514,-0.69,0.048351323955002995,0.043233687362569564,0.014115064961983148,0.0352333587598519
23.33,98.279999,5.76,-11.352,1.171,-0.388,0.04611759746475132,0.042447620735813096,0.013505444216116765,0.03402355413889373
19.5,95.510002,13.31,-10.718,1.251,-0.355,0.03854664168721178,0.041251245244444394,0.031207892798005933,0.03700192657655404
17.389999,97.07,8.83,-10.72,1.704,-0.353,0.03437569540481903,0.041925016145201395,0.02070365840769289,0.03233478998590444
19.139999,98.889999,3.88,-11.271,2.427,-0.463,0.03783500940238932,0.04271108277195786,0.009097417284467543,0.02988116981960491
17.549999,96.230003,11.38,-11.0,1.464,-0.539,0.03469197554173974,0.041562217259995655,0.026682631107536253,0.03431227463642388
18.549999,100.040001,10.91,-11.148,0.635,-0.346,0.036668726397494196,0.0432077743596473,0.025580624374623946,0.03515237504392182
20.780001,98.5,9.75,-10.942,1.106,-0.382,0.04107688475932832,0.0425426402627211,0.022860777969989317,0.03549343433067958
20.629999,95.43,12.2,-10.633,1.601,-0.606,0.04078036817746345,0.04121669198245152,0.02860528115219176,0.036867447104035576
21.99,99.870003,8.43,-11.135,2.169,-0.441,0.04346875131804036,0.04313435137731855,0.019765780337129224,0.03545629434416271
15.53,98.050003,10.3,-10.866,1.743,-0.299,0.03069894078986661,0.04234828431865711,0.02415036031701436,0.03239919514184602
12.14,97.190002,10.74,-10.841,1.477,-0.587,0.023997755388859024,0.041976845606285736,0.025182026194634388,0.03038554239659305
16.200001,100.889999,9.31,-10.947,1.212,-0.546,0.03202336583997295,0.04357489272653088,0.021829112092369287,0.03247579021962437
19.91,99.800003,14.41,-10.886,0.719,-0.379,0.0393571095380711,0.0431041180289085,0.03378705749205601,0.03874942835301187
20.950001,97.339996,18.040001,-10.792,1.211,-0.375,0.041412932404806584,0.042041628761448846,0.04229830332711644,0.04191762149779062
19.040001,99.419998,12.2,-10.947,1.865,-0.385,0.03763733827031559,0.04293999197801474,0.02860528115219176,0.03639420380017403
17.33,100.419998,9.69,-11.127,1.839,-0.556,0.034257092330224614,0.04337189695530125,0.022720096259404767,0.03344969518164354
12.75,95.989998,14.71,-10.74,1.257,-0.52,0.025203573410869238,0.04145855790592201,0.03449046604497876,0.03371753245392334
14.49,97.470001,13.79,-10.838,1.069,-0.332,0.028643119899881983,0.04209777856802097,0.032333346482682324,0.0343580816501951
18.35,97.559998,15.15,-10.606,1.031,-0.427,0.03627337820309416,0.04213664872026183,0.03552213192259879,0.03797738628198493
19.780001,100.019997,13.48,-10.964,1.552,-0.59,0.03910013390357388,0.04319913453248166,0.03160649097799549,0.03796858647135034
14.91,100.919998,13.16,-11.228,1.174,-0.424,0.029473355259298853,0.043587849443944504,0.030856188521544557,0.0346391310749293
15.18,97.080002,17.639999,-10.809,1.006,-0.359,0.030007077990352553,0.04192933605878421,0.041360420567162416,0.0377656115387664
14.06,95.300003,16.719999,-10.669,1.075,-0.462,0.02779311703190757,0.041160545631119205,0.03920330100486599,0.03605232122263092
15.55,96.790001,13.02,-10.784,1.685,-0.455,0.0307384758069817,0.04180408318346615,0.030527931196847272,0.03435683006243171
18.690001,99.089996,14.71,-10.617,1.744,-0.452,0.03694547547080153,0.042797462471700236,0.03449046604497876,0.03807780132916017
17.950001,98.410004,14.25,-10.695,1.402,-0.424,0.03548267983754324,0.04250377054238522,0.03341190626383054,0.03713278554791966
15.7,99.32,10.24,-11.107,1.38,-0.491,0.031034988435344864,0.042896802344096034,0.02400967860642981,0.0326471564619569
15.02,97.190002,13.93,-10.698,1.366,-0.529,0.02969079785343184,0.041976845606285736,0.03266160380737961,0.034776415755699064
15.81,98.690002,14.35,-10.936,1.222,-0.463,0.031252431029477855,0.0426247030722155,0.033646375781471456,0.035841169961054936
16.879999,96.419998,14.52,-10.87,1.572,-0.287,0.033367552468384264,0.04164427704615521,0.034044973961461014,0.0363522678253335
19.950001,97.68,12.82,-10.691,2.161,-0.404,0.03943618154905214,0.04218847818134617,0.03005899216156544,0.037227883963987914
22.73,97.910004,9.37,-10.883,2.022,-0.497,0.044931546951298654,0.042287818053741974,0.021969793802953837,0.036396386269331484
21.950001,95.150002,10.12,-10.876,1.739,-0.411,0.043389683260561036,0.041095759452621256,0.023728315185260706,0.036071252632814334
19.15,95.110001,13.57,-10.606,1.361,-0.387,0.03785477888769772,0.041078482821624816,0.031817513543872314,0.03691692508439828
20.059999,95.739998,13.08,-10.73,1.401,-0.388,0.039653620189683415,0.04135058166160038,0.030668612907431825,0.03722427158623854
19.59,97.019997,11.67,-10.944,1.832,-0.429,0.03872454926422968,0.04190341960062214,0.027362592708694906,0.035996853857848905
17.690001,97.309998,13.42,-10.784,1.899,-0.418,0.034968724615047075,0.0420286724759402,0.03146580926741094,0.03615440211946607
18.4,97.660004,12.52,-10.885,1.493,-0.402,0.036372215745881877,0.042179841809420346,0.029355583608642693,0.03596921372131497
18.5,95.559998,12.61,-10.673,1.456,-0.45,0.03656989083145733,0.04127283876568881,0.029566606174519516,0.035803111923888555
17.950001,96.290001,11.93,-10.651,1.731,-0.51,0.03548267983754324,0.041588130694822895,0.027972213454561287,0.03501434132897581
18.41,97.190002,12.38,-10.684,1.719,-0.397,0.036391983254439424,0.041976845606285736,0.02902732628394541,0.035798718381556856
18.030001,96.510002,13.39,-10.731,1.714,-0.366,0.03564081990600359,0.04168315022173091,0.03139546841211866,0.036239812846617724
15.48,97.110001,12.37,-10.9,1.579,-0.487,0.03060010324707889,0.041942292776197834,0.029003879332181317,0.033848758451819345
16.559999,97.480003,12.87,-10.815,1.479,-0.47,0.03273499219454284,0.042102098481603796,0.030176226920385896,0.035004439198844176
18.57,95.75,15.46,-10.616,1.413,-0.39,0.03670826339136014,0.041354901575183206,0.03624898742728563,0.03810405079794299
20.57,93.610001,14.91,-10.636,1.646,-0.348,0.04066176510286904,0.040430625355695055,0.03495940508026059,0.038683931846274895
21.879999,94.879997,11.3,-10.73,2.037,-0.384,0.043251306747156514,0.04097914294922901,0.026495055493423517,0.036908501729936344
20.15,94.870003,10.99,-10.603,2.041,-0.45,0.039831529743452165,0.040974826490886004,0.025768199988736678,0.035524852074358286
16.870001,94.949997,10.8,-10.775,1.702,-0.471,0.03334778891332842,0.041009376297639066,0.025322707905218938,0.03322662437206215
15.73,95.940002,11.84,-10.779,1.436,-0.435,0.031094290961017502,0.041436964384677595,0.027761190888684464,0.033430815411459855
17.969999,95.919998,13.96,-10.578,1.401,-0.447,0.03552221090115661,0.041428324557511956,0.03273194466267189,0.036560826707113483
21.18,95.610001,12.61,-10.698,1.761,-0.465,0.04186758312487925,0.041294435310268066,0.029566606174519516,0.03757620820322228
20.4,96.870003,9.18,-10.793,2.035,-0.444,0.04032571745739078,0.04183863644545902,0.021524301719436097,0.03456288520742864
18.639999,94.940002,10.18,-10.488,1.743,-0.456,0.03684663397451209,0.04100505940739109,0.023868996895845256,0.03390689675924948
17.530001,91.019997,11.7,-10.214,1.596,-0.419,0.03465244447812636,0.039311989736903086,0.02743293356398718,0.03379912259300554
16.030001,92.839996,8.79,-10.388,1.61,-0.423,0.03168731819449469,0.040098056363659554,0.020609870600636522,0.030798415052930257
19.549999,94.0,9.8,-10.329,1.836,-0.473,0.03864547725324864,0.040599067864931816,0.02297801272880978,0.03407418594899675
19.67,94.029999,10.55,-10.437,1.591,-0.459,0.03888268933269004,0.04061202458234543,0.024736534111116648,0.034743749342050705
18.77,94.5,9.57,-10.573,1.679,-0.412,0.037103613562511024,0.040815020353575066,0.02243873283823567,0.033452455584773916
17.77,93.879997,11.51,-10.331,1.488,-0.478,0.03512686270675658,0.040547237971942506,0.02698744148046944,0.03422051405305618
17.84,93.580002,11.64,-10.315,1.421,-0.495,0.03526523526665939,0.04041766863828143,0.027292251853402633,0.03432505191944781
18.27,92.489998,9.68,-10.488,1.636,-0.384,0.036115238134633805,0.03994689048541923,0.022696649307640676,0.032919592642564575
20.799999,90.699997,11.53,-10.17,1.988,-0.349,0.041116415822941704,0.0391737801441714,0.02703433538399762,0.035774843783703575
22.43,93.050003,9.9,-10.403,1.831,-0.456,0.044338521694572315,0.040188759432224566,0.023212482246450693,0.0359132544577492
20.51,91.790001,9.95,-10.473,1.482,-0.447,0.04054316005152377,0.03964455829703361,0.023329717005271148,0.03450581178460951
17.4,89.489998,13.87,-10.084,1.29,-0.372,0.03439546489012743,0.03865117555355971,0.03252092209679506,0.035189187513494063
18.790001,92.57,12.8,-10.335,1.394,-0.391,0.03714315055637697,0.0399814437474121,0.03001209825803726,0.03571223085394211
20.809999,92.849998,12.16,-10.337,1.906,-0.393,0.04113618333149925,0.04010237627724238,0.028511493345135395,0.03658335098462567
19.860001,94.519997,10.51,-10.389,2.047,-0.451,0.039258273972034234,0.040823657157405865,0.02464274630406028,0.034908225811166795
18.950001,96.150002,9.6,-10.373,1.759,-0.468,0.037459430693297685,0.04152766442990776,0.022509073693527944,0.03383205627224447
18.950001,93.419998,10.93,-10.234,1.573,-0.429,0.037459430693297685,0.04034856211429569,0.025627518278152128,0.0344785036952485
17.6,93.190002,10.85,-10.32,1.528,-0.463,0.034790815061278325,0.0402492256971397,0.025439942664039393,0.03349332780748581
18.76,93.970001,11.97,-10.172,1.713,-0.43,0.037083846053953484,0.04058611114751819,0.028066001261617658,0.03524531948769644
20.34,94.239998,11.51,-10.279,1.74,-0.409,0.04020711240604551,0.04070272419567062,0.02698744148046944,0.03596575936072852
19.450001,93.870003,10.51,-10.388,1.791,-0.428,0.03844780612117491,0.0405429215135995,0.02464274630406028,0.034544491312944896
18.73,94.309998,9.82,-10.413,1.742,-0.472,0.03702454352828085,0.04073295754408068,0.02302490663233796,0.03359413590156649
19.629999,92.639999,10.87,-10.192,1.697,-0.457,0.038803617321709005,0.04001167666391719,0.025486836567567575,0.03476737685106459
18.709999,92.540001,9.41,-10.336,1.646,-0.43,0.0369850065344149,0.03996848702999849,0.022063581610010204,0.03300569172480786
20.059999,92.5,9.32,-10.339,1.933,-0.403,0.039653620189683415,0.03995121039900205,0.021852559044133378,0.033819129877606276
19.379999,93.830002,9.6,-10.395,1.693,-0.47,0.03830942960777039,0.04052564488260306,0.022509073693527944,0.03378138272796713
17.450001,94.400002,10.09,-10.45,1.543,-0.465,0.03449430440966601,0.04077183071965637,0.023657974329968433,0.03297470315309694
15.62,93.800003,11.4,-10.407,1.395,-0.43,0.03087684836688451,0.040512688165189444,0.026729525011064435,0.032706353847712796
16.219999,93.519997,13.37,-10.189,1.421,-0.426,0.032062896903586324,0.04039175218011936,0.03134857450859048,0.03460107453076539
19.049999,94.029999,11.51,-10.383,1.904,-0.42,0.037657101825371415,0.04061202458234543,0.02698744148046944,0.03508552262939543
17.85,93.959999,10.29,-10.418,1.913,-0.417,0.035285002775216935,0.04058179123393538,0.024126913365250264,0.033331235791467524
17.209999,93.639999,11.03,-10.24,1.672,-0.451,0.03401988025078323,0.040443581641203694,0.025861987795793042,0.033441816562593325
17.67,93.43,10.13,-10.423,1.4,-0.475,0.034929187621181135,0.040352882027878505,0.0237517621370248,0.03301127726202815
16.690001,91.790001,10.96,-10.428,1.307,-0.434,0.03299197375929262,0.03964455829703361,0.025697859133444405,0.032778130396590215
18.27,90.949997,12.59,-10.272,1.555,-0.379,0.036115238134633805,0.03928175638849303,0.029519712270991334,0.03497223559803939
20.309999,91.150002,12.36,-10.314,1.652,-0.333,0.040147807903622025,0.03936813954347522,0.028980432380417226,0.03616545994250483
20.4,90.800003,10.61,-10.454,1.668,-0.359,0.04032571745739078,0.03921697323332992,0.024877215821701194,0.03480663550414063
20.52,92.480003,10.02,-10.422,1.714,-0.452,0.04056292756008131,0.03994257359517125,0.023493845667619792,0.03466644894095745
20.92,91.129997,11.22,-10.235,1.569,-0.411,0.0413536279023831,0.0393594992844046,0.026307479879310786,0.0356735356886995
19.139999,89.93,10.55,-10.308,1.534,-0.363,0.03783500940238932,0.038841214607375725,0.024736534111116648,0.03380425270696056
18.049999,91.07,10.81,-10.252,1.777,-0.394,0.03568035096961697,0.03933358628148234,0.02534615485698303,0.033453364036027444
18.58,93.550003,9.8,-10.476,1.658,-0.451,0.03672803089991768,0.040404711920867815,0.02297801272880978,0.03337025184986509
17.780001,93.050003,11.05,-10.437,1.531,-0.398,0.03514663219206498,0.040188759432224566,0.025908881699321228,0.033748091107870255
17.58,93.139999,11.41,-10.398,1.489,-0.391,0.03475128004416323,0.04022762915256044,0.026752971962828526,0.03391062705318407
20.25,93.690002,10.64,-10.326,1.747,-0.416,0.040029204829027616,0.040465178185782956,0.02494755667699347,0.03514731323060135
20.879999,93.349998,10.19,-10.261,1.919,-0.405,0.04127455589140207,0.040318328765885626,0.023892443847609347,0.03516177616829901
18.83,93.449997,9.42,-10.393,1.956,-0.418,0.037222218613856294,0.0403615188317093,0.022087028561774295,0.0332235886691133
18.040001,94.040001,9.88,-10.33,1.821,-0.407,0.035660587414561136,0.040616344495928255,0.02316558834292251,0.033147506751137305
17.639999,94.669998,10.11,-10.356,1.506,-0.44,0.03486988311875764,0.04088844333590382,0.023704868233496615,0.033154398229386026
16.26,93.739998,10.42,-10.495,1.327,-0.473,0.03214196891456736,0.040486771707027365,0.024431723738183454,0.032353488119926055
16.790001,93.800003,11.77,-10.387,1.488,-0.408,0.033189648844868073,0.040512688165189444,0.02759706222633582,0.03376646641213111
19.209999,93.370003,12.58,-10.27,1.798,-0.366,0.03797338196229213,0.04032696902495624,0.029496265319227243,0.03593220543549187
18.25,93.559998,10.98,-10.39,1.736,-0.431,0.03607570311751872,0.04040902881111579,0.025744753036972587,0.0340764949885357
18.34,95.339996,10.16,-10.4,1.677,-0.466,0.036253610694536614,0.04117781880687583,0.023822102992317074,0.03375117749790984
20.059999,93.550003,12.11,-10.251,1.487,-0.393,0.039653620189683415,0.040404711920867815,0.028394258586314936,0.036150863565622054
20.459999,92.459999,12.81,-10.331,1.378,-0.34,0.04044432053198519,0.03993393376800561,0.03003554520980135,0.03680459983659738
18.809999,95.290001,12.07,-10.433,1.609,-0.408,0.03718268161999035,0.04115622571753639,0.028300470779258572,0.03554645937226177
18.620001,95.699997,10.89,-10.543,1.67,-0.475,0.03680710291089871,0.041333305030603944,0.025533730471095764,0.03455804613753281
18.67,93.940002,10.71,-10.559,1.548,-0.42,0.03690593847693559,0.040573154430104584,0.025111685339342115,0.034196926082127425
17.290001,92.339996,12.17,-10.366,1.553,-0.401,0.0341780242727453,0.0398821038750163,0.028534940296899486,0.03419835614822036
21.1,89.360001,13.0,-10.179,1.64,-0.367,0.0417094430564189,0.03859502920222739,0.03048103729331909,0.03692850318398846
23.219999,90.860001,11.15,-10.254,1.738,-0.349,0.04590015289386748,0.03924288666815715,0.026143351216962145,0.03709546359299559
21.709999,91.25,10.39,-10.425,1.91,-0.366,0.04291525910167825,0.039411329177393914,0.02436138288289118,0.03556265705398778
21.129999,91.919998,10.48,-10.507,1.844,-0.387,0.04176874360534068,0.03970070464836593,0.024572405448768007,0.03534728456749154
20.309999,93.18,10.8,-10.446,1.462,-0.393,0.040147807903622025,0.04024490578355688,0.025322707905218938,0.03523847386413261
20.469999,91.839996,11.56,-10.41,1.495,-0.412,0.04046408804054274,0.03966615138637305,0.0271046762392899,0.03574497188873523
19.83,94.07,11.04,-10.397,1.836,-0.42,0.03919896946961074,0.040629301213341865,0.025885434747557133,0.03523790181016991
19.93,94.269997,11.7,-10.23,1.846,-0.351,0.03939664455518619,0.040715680913084244,0.02743293356398718,0.035848419677419203
19.809999,93.68,9.81,-10.471,1.805,-0.432,0.039159432475744806,0.04046085827220013,0.02300145968057387,0.0342072501428396
18.379999,93.959999,9.13,-10.427,1.783,-0.468,0.03633267875201594,0.04058179123393538,0.02140706696061564,0.03277384564885565
18.09,95.419998,10.37,-10.309,1.611,-0.432,0.035759422980598005,0.041212372068868706,0.024314488979362996,0.033762094676276576
18.299999,93.150002,12.54,-10.341,1.501,-0.408,0.03617453868355558,0.04023194949804824,0.029402477512170875,0.035269655231258225
18.1,94.739998,11.43,-10.513,1.703,-0.426,0.03577919048915555,0.04091867668431388,0.026799865866356708,0.03449924434660872
18.309999,95.480003,10.77,-10.403,1.771,-0.406,0.036194306192113126,0.04123828852703078,0.02525236704992666,0.034228320589690185
19.110001,93.120003,11.65,-10.336,1.764,-0.394,0.0377757108302184,0.040218992780634615,0.027315698805166724,0.03510346747200658
16.08,92.959999,11.14,-10.482,1.505,-0.419,0.03178615376053155,0.040149886256648865,0.026119904265198054,0.032685314760792825
16.290001,94.18,11.93,-10.295,1.529,-0.442,0.03220127341699085,0.04067681076084339,0.027972213454561287,0.03361676587746517
18.299999,94.849998,11.89,-10.331,1.609,-0.473,0.03617453868355558,0.04096618623181539,0.027878425647504923,0.03500638352095863
17.809999,94.669998,11.66,-10.417,1.752,-0.449,0.0352059307642359,0.04088844333590382,0.027339145756930815,0.03447783995235685
17.059999,96.029999,11.29,-10.551,1.55,-0.451,0.033723367622420064,0.04147583453691845,0.026471608541659423,0.033890270233665976
19.35,94.169998,12.14,-10.466,1.432,-0.428,0.038250129058848614,0.040672490847260566,0.028464599441607213,0.03579573978257213
19.1,92.510002,12.8,-10.339,1.437,-0.409,0.03775594134491,0.03995553031258487,0.03001209825803726,0.03590785663851071
20.370001,92.82,11.74,-10.425,1.679,-0.402,0.040266416908469,0.04008941999173373,0.027526721371043547,0.03596085275708209
21.120001,92.989998,11.65,-10.327,1.748,-0.382,0.04174898005028484,0.04016284297406249,0.027315698805166724,0.03640917394317135
20.700001,93.139999,10.88,-10.405,1.886,-0.419,0.040918744690867974,0.04022762915256044,0.025510283519331673,0.03555221912092003
17.52,93.010002,10.59,-10.412,1.58,-0.452,0.03463267499281796,0.04017148280122813,0.024830321918173012,0.03321149323740637
17.41,93.940002,11.61,-10.294,1.424,-0.448,0.03441523239868498,0.040573154430104584,0.027221910998110357,0.03407009927563331
18.219999,92.57,12.68,-10.325,1.434,-0.421,0.03601639861509523,0.0399814437474121,0.02973073483686816,0.0352428590664585
18.709999,92.669998,11.0,-10.552,1.588,-0.414,0.0369850065344149,0.040024633381330804,0.02579164694050077,0.03426709561874883
20.280001,94.089996,10.67,-10.377,1.779,-0.393,0.040088509331451104,0.04063793758526769,0.025017897532285747,0.03524811481633485
19.360001,95.279999,9.78,-10.472,1.779,-0.433,0.03826989854415701,0.041151905803953566,0.02293111882528159,0.03411764105779739
16.389999,94.260002,10.27,-10.417,1.544,-0.446,0.03239894454906458,0.04071136402283626,0.024080019461722082,0.03239677601120764
17.23,95.139999,10.45,-10.406,1.5,-0.454,0.03405941724464918,0.041091439107133455,0.024502064593475727,0.033217640315086124
19.33,94.720001,11.05,-10.411,1.608,-0.442,0.03821059404173352,0.04091003988048308,0.025908881699321228,0.035009838540512615
18.49,95.139999,10.43,-10.525,1.731,-0.437,0.03655012332289978,0.041091439107133455,0.024455170689947545,0.03403224437332692
17.49,95.699997,10.37,-10.56,1.65,-0.429,0.03457337246714533,0.041333305030603944,0.024314488979362996,0.03340705549237075
16.99,95.910004,12.08,-10.395,1.513,-0.445,0.0335849970392681,0.041424008099168956,0.028323917731022663,0.03444430762315324
16.99,94.980003,12.75,-10.284,1.56,-0.428,0.0335849970392681,0.04102233603838752,0.0298948634992168,0.034834065525624146
17.120001,95.610001,11.93,-10.345,1.635,-0.404,0.03384197662726704,0.041294435310268066,0.027972213454561287,0.03436954179736546
18.040001,96.580002,11.65,-10.381,1.657,-0.422,0.035660587414561136,0.041713383570140955,0.027315698805166724,0.034896556596622934
17.83,96.339996,11.29,-10.508,1.624,-0.468,0.03524546775810184,0.041609723784162334,0.026471608541659423,0.0344422666946412
15.85,95.199997,11.49,-10.538,1.524,-0.452,0.03133150106370804,0.04111735254196069,0.026940547576941257,0.033129800394203324
15.65,95.330002,12.87,-10.39,1.395,-0.436,0.030936150892557145,0.04117350234853282,0.030176226920385896,0.034095293387158616
16.18,94.660004,13.47,-10.351,1.369,-0.417,0.031983828846107,0.04088412687756082,0.0315830440262314,0.034816999916633076
18.59,93.709999,11.85,-10.495,1.746,-0.392,0.036747798408475224,0.04047381498961375,0.027784637840448555,0.03500208374617918
19.190001,95.040001,11.47,-10.412,1.784,-0.41,0.03793385089867875,0.04104824947321476,0.026893653673413075,0.035291918015102196
18.85,94.239998,10.7,-10.449,1.577,-0.429,0.03726175363097139,0.04070272419567062,0.02508823838757802,0.03435090540474001
17.6,93.849998,10.41,-10.46,1.478,-0.411,0.034790815061278325,0.04053428125452888,0.024408276786419363,0.03324445770074219
17.9,95.169998,10.92,-10.426,1.515,-0.415,0.03538384031800466,0.04110439582454708,0.025604071326388037,0.034030769156313256
18.73,93.330002,12.23,-10.331,1.608,-0.359,0.03702454352828085,0.0403096923939598,0.02867562200748404,0.03533661930990823
17.49,93.970001,11.29,-10.436,1.775,-0.38,0.03457337246714533,0.04058611114751819,0.026471608541659423,0.03387703071877431
15.42,94.330002,10.68,-10.368,1.673,-0.417,0.03048149819573362,0.040741597371246316,0.02504134448404984,0.03208814668367659
16.65,94.019997,10.19,-10.403,1.569,-0.435,0.032912901748311595,0.040607704668762616,0.023892443847609347,0.03247101675489452
16.370001,92.580002,10.91,-10.303,1.572,-0.406,0.032359413485451204,0.039985763660994926,0.025580624374623946,0.03264193384035669
18.0,91.660004,10.63,-10.313,1.783,-0.378,0.0355815154035801,0.03958841194570129,0.02492410972522938,0.033364679024836925
18.559999,92.650002,9.77,-10.441,1.702,-0.404,0.03668849390605174,0.04001599700940498,0.0229076718735175,0.03320405426299141
18.41,92.239998,10.24,-10.425,1.749,-0.39,0.036391983254439424,0.0398389142410976,0.02400967860642981,0.033413525367322276
17.08,92.0,10.84,-10.455,1.594,-0.398,0.033762904616286005,0.0397352579103588,0.025416495712275302,0.032971552746306705
15.83,94.870003,10.88,-10.504,1.431,-0.445,0.03129196604659294,0.040974826490886004,0.025510283519331673,0.03259235868560354
17.200001,93.860001,12.05,-10.288,1.705,-0.396,0.034000116695727396,0.040538601600016676,0.02825357687573039,0.034264098390491486
17.85,92.410004,11.81,-10.264,1.857,-0.37,0.035285002775216935,0.039912340678666176,0.02769085003339219,0.034296064495758435
17.48,94.120003,10.77,-10.395,1.714,-0.404,0.03455360495858779,0.04065089775792113,0.02525236704992666,0.033485623255478526
16.379999,94.769997,10.8,-10.485,1.466,-0.438,0.03237917704050704,0.040931633401727494,0.025322707905218938,0.03287783944915116
15.68,93.410004,11.37,-10.474,1.494,-0.432,0.030995453418229776,0.04034424565595268,0.026659184155772158,0.03266629440998487
15.33,94.660004,12.03,-10.415,1.494,-0.447,0.03030359061871572,0.04088412687756082,0.028206682972202204,0.03313146682282625
16.33,95.190002,12.8,-10.389,1.429,-0.442,0.03228034147447017,0.04111303565171272,0.03001209825803726,0.03446849179474005
17.059999,94.199997,12.71,-10.376,1.692,-0.409,0.033723367622420064,0.04068544756467418,0.029801075692160436,0.034736630293084894
17.309999,96.050003,10.91,-10.498,1.799,-0.444,0.03421755533635868,0.04148447436408409,0.025580624374623946,0.0337608846916889
16.68,95.879997,10.86,-10.464,1.481,-0.461,0.03297220427398423,0.041411047926515517,0.025463389615803484,0.03328221393876774
16.030001,93.559998,12.26,-10.304,1.48,-0.418,0.03168731819449469,0.04040902881111579,0.028745962862776312,0.033614103289462266
18.48,91.709999,11.75,-10.355,1.68,-0.379,0.03653035581434224,0.03961000503504073,0.027550168322807638,0.03456350972406354
19.66,92.660004,10.97,-10.427,1.619,-0.405,0.038862921824132486,0.040020316922987804,0.025721306085208496,0.03486818161077626
20.25,92.589996,10.46,-10.482,1.743,-0.4,0.040029204829027616,0.039990080119337926,0.024525511545239825,0.03484826549786846
18.379999,91.510002,11.1,-10.382,1.597,-0.378,0.03633267875201594,0.039523625335298365,0.026026116458141683,0.03396080684848533
17.68,92.110001,11.69,-10.334,1.405,-0.397,0.034948955129738675,0.039782767889765286,0.02740948661222309,0.03404706987724235
19.549999,92.43,11.37,-10.333,1.66,-0.397,0.03864547725324864,0.039920977050592,0.026659184155772158,0.035075212819870936
18.059999,93.580002,10.55,-10.4,1.78,-0.424,0.03570011847817452,0.04041766863828143,0.024736534111116648,0.03361810707585753
17.92,93.970001,10.67,-10.348,1.824,-0.431,0.03542337533511975,0.04058611114751819,0.025017897532285747,0.03367579467164123
17.74,93.690002,10.38,-10.45,1.499,-0.431,0.035067560181083944,0.040465178185782956,0.02433793593112709,0.033290224765997994
18.08,92.209999,11.44,-10.387,1.514,-0.413,0.03573965547204046,0.03982595752368399,0.0268233128181208,0.034129641937948416
17.200001,93.690002,11.96,-10.331,1.487,-0.432,0.034000116695727396,0.040465178185782956,0.028042554309853564,0.03416928306378797
17.879999,93.93,11.71,-10.378,1.634,-0.405,0.035344303324138716,0.04056883451652176,0.027456380515751274,0.034456506118803916
17.52,93.830002,10.99,-10.477,1.788,-0.402,0.03463267499281796,0.04052564488260306,0.025768199988736678,0.033642173288052565
16.83,93.730003,11.59,-10.304,1.824,-0.416,0.033268716902347395,0.04048245481677939,0.027175017094582175,0.033642062937902985
17.74,93.07,11.04,-10.339,1.549,-0.421,0.035067560181083944,0.04019739623605536,0.025885434747557133,0.03371679705489881
17.690001,92.330002,11.06,-10.47,1.38,-0.421,0.034968724615047075,0.0398777874166733,0.02593232865108532,0.03359294689426857
18.17,91.949997,12.37,-10.375,1.587,-0.384,0.03591756304905836,0.039713661365779536,0.029003879332181317,0.03487836791567307
18.67,92.379997,12.59,-10.375,1.614,-0.372,0.03690593847693559,0.03989938050601274,0.029519712270991334,0.03544167708464655
19.15,92.480003,11.69,-10.502,1.733,-0.381,0.03785477888769772,0.03994257359517125,0.02740948661222309,0.03506894636503068
16.790001,92.050003,11.85,-10.414,1.49,-0.382,0.033189648844868073,0.039756854454938054,0.027784637840448555,0.03357704704675156
17.0,92.209999,11.75,-10.342,1.393,-0.394,0.033604764547825655,0.03982595752368399,0.027550168322807638,0.03366029679810576
19.209999,92.830002,11.15,-10.393,1.624,-0.4,0.03797338196229213,0.04009373990531655,0.026143351216962145,0.03473682436152361
18.25,93.860001,11.09,-10.388,1.812,-0.406,0.03607570311751872,0.040538601600016676,0.02600266950637759,0.03420565807463766
17.35,95.139999,10.98,-10.399,1.68,-0.405,0.03429662734733971,0.041091439107133455,0.025744753036972587,0.033710939830481915
17.74,94.669998,11.62,-10.379,1.549,-0.401,0.035067560181083944,0.04088844333590382,0.027245357949874448,0.0344004538222874
16.75,93.849998,11.41,-10.439,1.448,-0.421,0.03311057683388704,0.04053428125452888,0.026752971962828526,0.03346594335041481
17.41,92.940002,11.76,-10.337,1.513,-0.394,0.03441523239868498,0.04014124945281807,0.02757361527457173,0.03404336570869159
18.309999,92.739998,11.98,-10.247,1.596,-0.371,0.036194306192113126,0.04005486672974086,0.02808944821338175,0.03477954037841191
19.09,93.169998,10.77,-10.4,1.856,-0.392,0.03773617383635245,0.04024058586997406,0.02525236704992666,0.03440970891875105
18.58,94.389999,10.09,-10.459,1.792,-0.42,0.03672803089991768,0.04076751037416858,0.023657974329968433,0.0337178385346849
18.16,94.980003,10.56,-10.396,1.587,-0.421,0.035897795540500814,0.04102233603838752,0.02475998106288074,0.03389337088058969
17.190001,93.550003,10.89,-10.456,1.506,-0.429,0.03398034918716985,0.040404711920867815,0.025533730471095764,0.033306263859711145
16.639999,93.07,11.51,-10.421,1.575,-0.408,0.032893132263003194,0.04019739623605536,0.02698744148046944,0.03335932332650934
18.389999,93.099998,12.0,-10.323,1.876,-0.392,0.03635244626057348,0.040210352521564,0.02813634211690993,0.034899713633015805
17.85,92.57,11.47,-10.386,1.706,-0.408,0.035285002775216935,0.0399814437474121,0.026893653673413075,0.03405336673201404
16.93,92.620003,10.99,-10.46,1.621,-0.416,0.03346639198792284,0.040003040291991365,0.025768199988736678,0.03307921075621696
16.309999,92.769997,12.3,-10.308,1.495,-0.404,0.03224080448060423,0.040067823447154476,0.02883975066983268,0.03371612619919712
17.58,93.849998,12.27,-10.377,1.498,-0.424,0.03475128004416323,0.04053428125452888,0.028769409814540403,0.03468499037107751
18.02,93.5,11.82,-10.396,1.623,-0.415,0.03562105042069519,0.04038311537628856,0.027714296985156282,0.03457282092738001
17.860001,93.739998,11.09,-10.447,1.651,-0.418,0.035304772260525336,0.040486771707027365,0.02600266950637759,0.033931404491310095
17.040001,93.830002,11.97,-10.381,1.522,-0.421,0.03368383655880668,0.04052564488260306,0.028066001261617658,0.03409182756767579
15.87,93.190002,12.12,-10.415,1.469,-0.431,0.031371036080823124,0.0402492256971397,0.028417705538079027,0.033345989105347286
17.030001,92.470001,12.17,-10.402,1.599,-0.41,0.033664069050249136,0.03993825368158843,0.028534940296899486,0.03404575434291235
17.92,93.230003,12.21,-10.333,1.522,-0.412,0.03542337533511975,0.04026650232813613,0.028628728103955857,0.03477286858907058
20.469999,92.419998,10.93,-10.394,1.825,-0.409,0.04046408804054274,0.039916657137009176,0.025627518278152128,0.035336087818568014
18.889999,90.760002,11.13,-10.344,1.724,-0.375,0.0373408216884507,0.03919969660233348,0.026096457313433963,0.034212325201406046
17.85,91.239998,11.27,-10.394,1.502,-0.374,0.035285002775216935,0.0394070092638111,0.02642471463813124,0.03370557555905309
19.299999,92.150002,11.49,-10.417,1.524,-0.374,0.03815128953931003,0.039800044520761725,0.026940547576941257,0.034963960545671004
20.48,92.169998,11.37,-10.451,1.689,-0.374,0.04048385752585114,0.03980868089268755,0.026659184155772158,0.03565057419143695
20.629999,92.889999,10.45,-10.525,1.702,-0.388,0.04078036817746345,0.040119652908238816,0.024502064593475727,0.035134028559726
20.59,91.910004,10.78,-10.411,1.782,-0.376,0.04070130011998413,0.03969638819002292,0.025275814001690752,0.03522450077056593
18.959999,91.43,10.41,-10.452,1.667,-0.39,0.03747919424835352,0.03948907207330549,0.024408276786419363,0.033792181036026124
17.940001,91.839996,11.09,-10.373,1.544,-0.389,0.035462912328985685,0.03966615138637305,0.02600266950637759,0.03371057774057878
18.540001,92.010002,11.63,-10.335,1.509,-0.373,0.03664896284243836,0.039739577823941614,0.027268804901638542,0.03455244852267284
19.4,92.370003,11.19,-10.397,1.716,-0.366,0.03834896660163633,0.03989506404766974,0.02623713902401851,0.034827056557774856
19.1,93.360001,10.4,-10.503,1.735,-0.386,0.03775594134491,0.040322649111373426,0.024384829834655272,0.0341544734303129
19.1,93.199997,10.63,-10.508,1.6,-0.392,0.03775594134491,0.040253542587387676,0.02492410972522938,0.03431119788584235
18.49,91.870003,11.48,-10.44,1.516,-0.369,0.03655012332289978,0.03967911155902648,0.026917100625177166,0.03438211183570114
18.209999,91.739998,11.8,-10.359,1.584,-0.35,0.03599663110653768,0.03962296175245435,0.0276674030816281,0.03442899864687338
18.940001,92.540001,11.48,-10.339,1.645,-0.357,0.03743966318474014,0.03996848702999849,0.026917100625177166,0.03477508361330526
18.01,93.239998,10.72,-10.456,1.514,-0.39,0.03560128291213765,0.040270819218384116,0.025135132291106206,0.03366907814054265
17.73,93.050003,10.85,-10.501,1.58,-0.399,0.035047792672526404,0.040188759432224566,0.025439942664039393,0.03355883158959679
18.43,92.889999,11.6,-10.5,1.516,-0.389,0.03643151827155452,0.040119652908238816,0.027198464046346266,0.03458321174204653
18.25,91.089996,13.46,-10.335,1.444,-0.362,0.03607570311751872,0.039342222653408164,0.03155959707446731,0.035659174281798066
16.540001,92.220001,12.66,-10.417,1.448,-0.39,0.032695461130929464,0.0398302774372668,0.029683840933339978,0.03406985983384542
16.23,93.290001,11.68,-10.402,1.614,-0.402,0.032082666388894725,0.04029241576296337,0.027386039660458997,0.03325370727077236
16.33,92.279999,11.38,-10.363,1.638,-0.391,0.03228034147447017,0.03985619087209404,0.026682631107536253,0.03293972115136682
16.42,93.07,10.54,-10.478,1.578,-0.415,0.03245824905148807,0.04019739623605536,0.024713087159352554,0.03245624414896533
16.110001,94.099998,10.85,-10.46,1.503,-0.435,0.03184545826295505,0.04064225749885051,0.025439942664039393,0.03264255280861498
16.01,93.629997,12.14,-10.335,1.496,-0.408,0.03164778120062875,0.04043926172762088,0.028464599441607213,0.033517214123285614
17.35,92.18,11.63,-10.433,1.626,-0.379,0.03429662734733971,0.03981300080627037,0.027268804901638542,0.03379281101841621
18.42,91.349998,11.65,-10.376,1.706,-0.357,0.03641175076299698,0.03945451881131261,0.027315698805166724,0.034393989459825434
18.34,92.919998,11.29,-10.373,1.706,-0.398,0.036253610694536614,0.04013260962565243,0.026471608541659423,0.03428594295394949
17.360001,93.949997,10.44,-10.481,1.666,-0.442,0.03431639683264811,0.040577471320352554,0.024478617641711636,0.03312416193157077
16.629999,92.75,11.26,-10.363,1.588,-0.415,0.032873364754445654,0.040059186643323676,0.02640126768636715,0.03311127302804549
17.73,92.970001,11.21,-10.381,1.638,-0.411,0.035047792672526404,0.04015420617023169,0.026284032927546695,0.03382867725676826
18.65,92.629997,10.55,-10.488,1.642,-0.4,0.03686640345982049,0.040007356750334365,0.024736534111116648,0.0338700981070905
19.209999,91.18,11.2,-10.413,1.734,-0.356,0.03797338196229213,0.039381095828983866,0.0262605859757826,0.03453835458901953
17.809999,92.290001,11.5,-10.433,1.54,-0.374,0.0352059307642359,0.039860510785676866,0.02696399452870535,0.03401014535953937
17.52,92.540001,12.07,-10.385,1.578,-0.375,0.03463267499281796,0.03996848702999849,0.028300470779258572,0.03430054426735834
17.23,91.540001,12.56,-10.293,1.601,-0.351,0.03405941724464918,0.03953658205271198,0.02944937141569906,0.034348456904353404
18.27,92.480003,11.86,-10.363,1.692,-0.377,0.036115238134633805,0.03994257359517125,0.027808084792212646,0.03462196550733923
18.370001,94.050003,10.91,-10.482,1.691,-0.419,0.0363129151969601,0.04062066440951107,0.025580624374623946,0.034171401327031704
16.889999,94.419998,10.96,-10.499,1.498,-0.432,0.033387319976941804,0.040780467091582194,0.025697859133444405,0.033288548733989475
17.1,93.800003,12.56,-10.327,1.478,-0.408,0.0338024396334011,0.040512688165189444,0.02944937141569906,0.0345881664047632
17.99,94.25,12.52,-10.384,1.525,-0.409,0.035561747895022554,0.040707044109253444,0.029355583608642693,0.03520812520430623
18.610001,92.769997,13.1,-10.314,1.649,-0.374,0.03678733540234117,0.040067823447154476,0.030715506810960008,0.03585688855348522
18.09,93.040001,11.65,-10.478,1.648,-0.391,0.035759422980598005,0.04018443951864174,0.027315698805166724,0.03441985376813549
18.690001,92.389999,11.76,-10.402,1.756,-0.372,0.03694547547080153,0.03990370041959556,0.02757361527457173,0.0348075970549896
