40.27,-91.080002,21.690001,-6.466,1.777,-2.762,0.05118745560996988,-0.048751315372466894,0.0563890594497629
40.150002,-90.080002,21.290001,-6.526,1.974,-2.766,0.051034925381554554,-0.04821605720050871,0.05534915060974463
40.240002,-89.599998,20.559999,-6.456,2.071,-2.788,0.05114932495952568,-0.04795913113693611,0.05345131177716709
39.84,-88.43,19.6,-6.449,2.152,-2.824,0.05064087984855228,-0.04733288014626139,0.050955533160895336
40.43,-87.25,19.139999,-6.369,2.135,-2.815,0.051390832637474106,-0.04670127550335074,0.04975963539510222
40.709999,-87.0,17.82,-6.484,2.272,-2.815,0.05174674116450008,-0.0465674609603612,0.04632793882281402
40.330002,-87.18,17.5,-6.448,2.307,-2.829,0.05126372453749681,-0.046663807431313674,0.045496011750799405
40.119999,-87.169998,17.450001,-6.489,2.271,-2.809,0.05099678837557824,-0.04665845377907775,0.04536602574556922
39.790001,-88.290001,18.1,-6.539,2.213,-2.795,0.05057732579856362,-0.04725794453744542,0.047055875010826816
39.91,-89.0,18.65,-6.514,2.113,-2.793,0.050729857298085365,-0.047637977304277546,0.04848574966585193
40.16,-88.910004,18.17,-6.584,2.07,-2.785,0.051047633903560714,-0.047589806209834,0.04723785905783001
41.43,-89.0,16.68,-6.705,2.246,-2.767,0.052661939059375516,-0.047637977304277546,0.043364198628761945
40.599998,-88.669998,16.440001,-6.582,2.218,-2.754,0.0516069181869845,-0.04746134103701501,0.042740255924523074
38.84,-86.779999,18.02,-6.465,2.15,-2.822,0.04936977342665086,-0.04644970362727223,0.04684789324282315
38.080002,-86.830002,18.4,-6.615,1.988,-2.844,0.04840373508821863,-0.04647646814164465,0.04783580664084051
37.130001,-86.5,18.59,-6.639,1.853,-2.801,0.047196182716305865,-0.04629983187438211,0.048329763339849195
37.52,-86.919998,19.059999,-6.712,1.831,-2.784,0.047691912949741,-0.046524639236088204,0.04955165362709857
40.650002,-88.940002,19.690001,-6.672,1.922,-2.768,0.05167047859250526,-0.04760586288447641,0.05118951524967154
40.869999,-89.220001,20.190001,-6.633,1.878,-2.767,0.051950118192004305,-0.047755734637366515,0.05248940129969438
40.290001,-88.910004,19.24,-6.713,1.866,-2.76,0.05121287900951432,-0.047589806209834,0.05001961520487888
41.77,-88.370003,19.48,-6.524,2.104,-2.741,0.053094115242822,-0.04730076626171841,0.05064356050888985
39.880001,-87.449997,18.860001,-6.598,1.934,-2.768,0.05069172537653475,-0.046808325531967857,0.049031704406633625
40.380001,-87.470001,18.620001,-6.732,1.954,-2.775,0.05132727858748545,-0.04681903283643971,0.04840775910262266
40.330002,-87.889999,19.280001,-6.684,1.964,-2.733,0.05126372453749681,-0.0470438401981458,0.05012360868865281
39.990002,-88.739998,19.690001,-6.642,1.961,-2.718,0.05083154835405032,-0.047498809109052076,0.05118951524967154
40.689999,-89.07,18.440001,-6.725,2.116,-2.733,0.05172131903606205,-0.047675445376314615,0.047939800124614435
41.549999,-88.029999,17.040001,-6.727,2.234,-2.746,0.052814470558897264,-0.04711877634221995,0.04430011918455049
40.869999,-87.610001,15.96,-6.776,2.347,-2.765,0.051950118192004305,-0.04689396898051385,0.041492362716729056
40.369999,-86.839996,15.76,-6.648,2.32,-2.763,0.0513145649810536,-0.0464818175118152,0.040972408296719914
39.330002,-86.25,15.52,-6.629,2.267,-2.768,0.0499926181155954,-0.04616601733139257,0.04034846299270895
39.279999,-85.650002,14.6,-6.82,2.141,-2.779,0.04992905898118105,-0.045844863498734005,0.03795667266066693
39.360001,-85.220001,14.41,-6.903,2.175,-2.788,0.05003075003714601,-0.04561470194953382,0.037462715961658254
38.849998,-86.360001,15.28,-6.835,2.124,-2.782,0.04938248194865703,-0.04622489626556614,0.03972451768869799
41.240002,-87.910004,15.48,-6.827,2.266,-2.741,0.05242043138142709,-0.04705454803787582,0.04024447210870713
40.830002,-88.470001,15.63,-6.712,2.285,-2.72,0.05189927774844751,-0.047354291008397886,0.04063443792371398
40.43,-88.349998,14.7,-6.801,2.156,-2.738,0.051390832637474106,-0.04729005842198839,0.0382166498706715
40.98,-87.860001,14.83,-6.9,2.111,-2.745,0.05208994116951988,-0.0470277835235034,0.03855462024367744
40.419998,-87.089996,15.05,-6.923,2.042,-2.746,0.051378119031042245,-0.04661563205480475,0.039126570105687486
40.48,-87.959999,16.02,-6.916,2.04,-2.718,0.05145438795856917,-0.04708130827018287,0.04164834904273179
39.330002,-86.709999,17.559999,-6.829,1.948,-2.724,0.0499926181155954,-0.04641223555523515,0.04565199547703005
40.060001,-86.489998,17.559999,-6.851,1.988,-2.723,0.050920524532477,-0.04629447822214618,0.04565199547703005
40.380001,-87.0,16.48,-6.945,2.066,-2.712,0.05132727858748545,-0.0465674609603612,0.04284424420875281
41.02,-86.050003,15.86,-6.917,2.108,-2.715,0.05214078542639594,-0.04605896730277545,0.041232385506724485
40.369999,-85.900002,15.64,-6.883,2.05,-2.728,0.0513145649810536,-0.04597867804172355,0.040660435644714436
40.130001,-86.239998,15.62,-6.901,2.034,-2.721,0.051009501982010104,-0.04616066367915664,0.04060844020271352
39.880001,-86.870003,14.77,-6.961,1.941,-2.695,0.05069172537653475,-0.04649787900378115,0.038398633917674695
41.43,-86.959999,14.27,-7.026,2.049,-2.695,0.052661939059375516,-0.0465460500982247,0.037098747867651855
39.740002,-86.230003,14.29,-7.008,2.123,-2.693,0.05051377174857497,-0.04615531377372792,0.03715074330965277
41.060001,-83.769997,12.99,-7.133,2.105,-2.724,0.05219163095437841,-0.044838575459161784,0.03377103957959338
40.560001,-83.169998,11.72,-7.209,2.34,-2.722,0.05155607774342771,-0.04451742109124505,0.030469329012535372
41.630001,-81.730003,10.91,-7.212,2.363,-2.729,0.05291616161486222,-0.043746651999916134,0.02836351361149837
38.799999,-80.230003,9.43,-7.343,2.26,-2.725,0.04931892789866838,-0.04294376474197887,0.024515850903430763
39.619999,-80.68,9.29,-7.372,2.231,-2.698,0.05036123516462754,-0.043184629313585535,0.024151882809424367
41.830002,-81.260002,7.28,-7.558,2.427,-2.705,0.053170384170348924,-0.04349508012383762,0.018926340888332553
42.959999,-80.18,6.09,-7.688,2.227,-2.733,0.05460673061377826,-0.04291700022760645,0.015832612089278192
38.099998,-76.730003,4.92,-7.82,2.486,-2.696,0.048429152132230965,-0.04107036114012526,0.012790878732224746
38.700001,-74.489998,3.4,-7.991,2.244,-2.684,0.04919181979869108,-0.039871380158648086,0.008839225140155312
38.290001,-74.019997,0.99,-8.171,2.492,-2.706,0.0486706661657115,-0.03961980828256958,0.002573774379045223
38.709999,-72.080002,-0.86,-8.45,2.204,-2.761,0.04920452832069726,-0.038581410105261574,-0.002235804006039285
35.25,-69.720001,-2.06,-8.622,2.497,-2.726,0.044806501372024785,-0.03731820028418211,-0.005355530526094101
34.610001,-68.480003,-2.35,-8.868,1.9,-2.734,0.0439929945331143,-0.03665448122147032,-0.006109464435107349
35.220001,-65.260002,-3.27,-8.989,2.258,-2.764,0.044768369450474174,-0.03493094937250683,-0.008501254767149373
37.98,-66.68,-4.47,-9.361,2.134,-2.719,0.04827662190381564,-0.03569101490617109,-0.01162098128720419
34.82,-66.389999,-7.74,-9.693,2.429,-2.674,0.04425992561060718,-0.03553578950104505,-0.020122236054353565
36.349998,-62.689999,-8.47,-9.918,2.079,-2.762,0.04620471589390349,-0.0335553342647998,-0.02202006968738691
31.66,-60.799999,-8.28,-10.27,2.263,-2.708,0.04024322931739872,-0.03254369631979885,-0.02152611298837823
35.209999,-61.119999,-7.21,-10.719,2.343,-2.674,0.044755655844042314,-0.032714978934825466,-0.018744356841329354
36.27,-59.630001,-4.88,-10.511,2.23,-2.734,0.04610302992236423,-0.031917445329124126,-0.012686887848222918
33.049999,-56.709999,-6.49,-10.465,2.327,-2.873,0.04201006597273526,-0.030354490396489915,-0.016872520929296465
33.009998,-60.5,-4.4,-10.201,2.662,-2.709,0.04195922044475278,-0.03238311940346957,-0.011438997240200994
31.4,-59.950001,-4.58,-10.491,1.708,-2.673,0.03991274164770435,-0.03208872794415075,-0.011906956218209214
30.68,-57.040001,-7.23,-10.739,2.323,-2.627,0.038997545023935334,-0.030531126663752454,-0.018796352283330268
37.02,-53.59,-8.66,-11.174,2.603,-2.723,0.04705635973879029,-0.028684485435238584,-0.02251402638639559
34.689999,-52.889999,-11.04,-11.785,2.64,-2.812,0.04409468050465357,-0.02830980417960969,-0.028701483984504304
35.27,-52.27,-10.29,-11.812,2.521,-2.762,0.04483192350046282,-0.027977944648253792,-0.026751654909470048
26.389999,-49.549999,-10.54,-11.674,2.314,-2.684,0.03354449720287185,-0.026522041885269385,-0.027401597934481464
36.66,-46.130001,-12.06,-12.257,2.73,-2.704,0.04659876142690578,-0.02469146000768877,-0.031353251526550906
39.84,-41.029999,-14.34,-13.121,2.419,-2.992,0.05064087984855228,-0.021961642260185734,-0.03728073191465505
35.200001,-46.98,-7.71,-12.046,3.294,-2.893,0.04474294732203614,-0.025146428918595046,-0.020044242891352194
36.790001,-51.799999,-7.31,-11.676,1.956,-2.624,0.04676400653285938,-0.027726372772175278,-0.01900433405133392
38.07,-58.759998,-1.39,-10.733,1.948,-2.457,0.04839102148178677,-0.031451769113746,-0.003613683219063495
35.900002,-51.040001,-9.0,-11.8,2.474,-2.899,0.04563272308847355,-0.027319577632003406,-0.023397948900411122
35.68,-49.349998,-10.9,-12.002,2.522,-2.93,0.045353077133442395,-0.026414989715619577,-0.028337515890497912
34.889999,-52.470001,-11.17,-11.953,3.157,-2.474,0.04434890178903386,-0.0280849968179036,-0.029039454357510246
30.02,-49.27,-12.76,-12.083,2.483,-2.552,0.038158614785480396,-0.026372170132379268,-0.03317309199658288
32.419998,-47.650002,-9.6,-11.388,2.079,-2.953,0.041209267655830946,-0.025505052964323368,-0.024957812160438526
34.290001,-47.709999,-12.57,-12.079,2.379,-2.947,0.04358624047810585,-0.025537166848866345,-0.0326791352975742
30.6,-53.290001,-9.02,-11.933,2.845,-2.625,0.03889585651018322,-0.028523908518909298,-0.023449944342412033
28.879999,-52.84,-9.49,-11.847,2.897,-2.578,0.03670955219340637,-0.028283041806269952,-0.024671837229433505
31.25,-50.650002,-11.42,-11.778,2.323,-2.728,0.039722075684419135,-0.027110827480197892,-0.029689397382521666
34.259998,-51.82,-8.76,-11.554,2.315,-2.908,0.04354810347212955,-0.027737078470872614,-0.022774003596400156
35.25,-51.959999,-9.35,-12.003,2.411,-2.818,0.044806501372024785,-0.02781201407968859,-0.024307869135427106
32.470001,-54.240002,-7.71,-11.718,2.169,-2.536,0.041272826790245284,-0.029032404317527738,-0.020044242891352194
35.07,-56.66,-7.05,-11.308,2.503,-2.553,0.04457770221608253,-0.030327728023150178,-0.018328393305322044
38.02,-51.580002,-11.78,-11.842,2.591,-2.815,0.0483274661606917,-0.027608617580118996,-0.03062531533853811
37.700001,-50.279999,-10.9,-11.876,2.792,-2.804,0.04792071337678967,-0.02691278035079885,-0.028337515890497912
33.59,-52.490002,-7.92,-11.51,2.7,-2.628,0.04269646471166845,-0.028095702516600932,-0.020590195032361785
33.27,-53.869999,-7.71,-11.392,2.424,-2.63,0.04228971065665999,-0.028834357188128698,-0.020044242891352194
36.32,-54.470001,-8.95,-11.546,2.432,-2.779,0.0461665852434593,-0.02915551316181995,-0.023267960295408834
37.509998,-52.310001,-11.27,-11.988,2.619,-2.808,0.04767919934330914,-0.02799935551039029,-0.029299431567514814
37.049999,-54.0,-7.82,-11.654,2.779,-2.603,0.04709449166034091,-0.028903941285741433,-0.020330217822357218
36.66,-55.25,-6.22,-11.559,2.364,-2.613,0.04659876142690578,-0.029573014000689152,-0.01617058246228413
37.27,-55.57,-7.3,-11.453,2.586,-2.728,0.04737413634426564,-0.029744296615715766,-0.018978336330333464
34.560001,-53.400002,-9.94,-11.582,2.632,-2.759,0.043929439212019236,-0.02858278745308287,-0.02584173467445406
36.73,-52.959999,-8.91,-11.757,2.537,-2.662,0.04668773887643887,-0.028347272251646762,-0.02316396941140701
38.849998,-53.119999,-7.12,-11.793,2.498,-2.669,0.04938248194865703,-0.028432913559160066,-0.018510377352325243
30.440001,-59.779999,-0.46,-10.776,2.055,-2.588,0.03869248075378541,-0.03199773298440151,-0.001195895166021013
44.68,-53.799999,-7.67,-11.83,4.726,-2.6,0.056793034930555104,-0.028796889116091625,-0.019940252007350365
51.209999,-55.77,-1.74,-11.216,4.759,-2.447,0.06509335859446491,-0.029851348250107403,-0.004523603454079483
49.599998,-47.330002,-8.37,-12.326,4.852,-2.765,0.06304687598409721,-0.025333770349296753,-0.02176009247738234
32.82,-36.259998,-20.99,-14.237,3.309,-3.348,0.04171771276680435,-0.01940846024468707,-0.05456921637995882
19.49,-51.43,-8.68,-11.664,0.333,-2.861,0.024773864162858525,-0.027528327783808926,-0.022566021828396503
17.08,-40.549999,-7.99,-13.649,-2.14,-2.623,0.021710497686076122,-0.021704718337645812,-0.020772179079364985
29.93,-46.5,3.24,-12.122,1.172,-2.729,0.03804421520750927,-0.024889504996055124,0.008423261604148004
30.950001,-41.419998,-6.23,-13.041,3.07,-3.473,0.03934074502895513,-0.02217039241199125,-0.016196580183284588
2.67,-43.310001,-7.28,-12.925,-0.773,-2.86,0.0033938541464767712,-0.02318203196276672,-0.018926340888332553
59.950001,-46.07,13.55,-11.934,6.793,-2.242,0.07620283126409609,-0.02465934398211311,0.035226911955618966
21.790001,-37.810001,12.47,-12.417,-2.204,-3.272,0.027697410204338198,-0.020238112016996757,0.032419158087569636
34.299999,-17.41,-16.450001,-16.042999,1.214,-3.972,0.04359894900011202,-0.009318844773791822,-0.04276625364552354
33.189999,-54.029999,5.41,-11.09,4.551,-2.126,0.04218802087180146,-0.028919998495642005,0.01406476706124713
10.5,-52.59,9.37,-11.819,0.509,-2.396,0.013346617429964831,-0.02814922726328041,0.02435986457742802
34.68,-40.16,-10.45,-14.109,0.579,-3.369,0.044081970711540984,-0.021495968185840295,-0.027167618445477354
23.65,-63.040001,11.17,-11.096,-1.909,-2.641,0.0300616668779684,-0.0337426756955015,0.029039454357510246
47.290001,-63.380001,9.47,-11.83,4.463,-2.281,0.06011062396282421,-0.03392466347396728,0.02461984178743259
-9.01,-49.099998,13.07,-14.17,-3.404,-3.03,-0.011452668861331726,-0.026281175172630032,0.03397902134759704
19.83,-35.349998,-12.07,-15.762,-1.385,-3.713,0.025206040346305005,-0.018921375308205132,-0.03137924924755136
48.57,-75.690002,29.450001,-9.757,3.05,-2.207,0.0617376389117516,-0.04051369210603059,0.07656329094611738
8.88,-64.309998,16.27,-12.771,-2.696,-2.578,0.011287425026484542,-0.03442245196811387,0.042298292067743215
3.07,-58.07,15.45,-13.191,-2.763,-3.192,0.003902296715237336,-0.031082442045611204,0.040166478945705755
39.52,-40.080002,-6.14,-14.223,1.964,-3.532,0.05023412579354382,-0.021453148602599986,-0.015962600694280474
4.15,-31.370001,2.62,-15.336,-4.298,-3.234,0.005275091650890862,-0.016791049389586112,0.006811402902119682
13.96,-51.220001,10.71,-12.356,-1.315,-2.765,0.017744645649743717,-0.02741592410295588,0.027843559191489235
16.35,-36.630001,-1.5,-14.049,0.018,-3.63,0.020782589998088095,-0.01960650737408611,-0.00389965815006852
7.15,-52.209999,21.190001,-10.611,-1.616,-2.819,0.009088410916595098,-0.02794582862267813,0.05508917339974006
-24.51,-24.209999,52.259998,-15.348,-6.689,-3.269,-0.03115481840080362,-0.012958599807849237,0.13586408474884304
8.05,-47.700001,16.540001,-11.426,-1.474,-3.034,0.010232406696306371,-0.025531815337663105,0.04300023313452765
45.09,-8.37,-3.71,-18.441,5.871,-4.348,0.057314188563534686,-0.004480110899289922,-0.009645154491169473
32.52,-62.560001,26.620001,-9.434,5.408,-2.297,0.04133638084023394,-0.03348575177296158,0.0692059359029881
-11.87,-22.280001,6.34,-15.0,-4.406,-3.312,-0.015088033227969764,-0.011925552606486303,0.016482555114289612
30.629999,-51.52,22.379999,-9.91,0.873,-2.999,0.03893398843173384,-0.027576501019285164,0.05818289699925022
29.450001,-48.32,1.69,-12.427,2.064,-3.166,0.03743408539610302,-0.025863674869019002,0.004393614849077199
26.16,-63.110001,3.94,-11.221,3.579,-2.237,0.03325214399694095,-0.03378014376753857,0.010243102074179979
1.72,-50.82,17.42,-11.527,-2.893,-2.864,0.0021863030456704294,-0.027201820298914436,0.045288029982795755
52.369999,-26.49,-3.35,-14.806,0.968,-4.223,0.06656784204387055,-0.014178988975172047,-0.008709236535153028
-9.41,-52.139999,51.139999,-13.248,-6.842,-3.309,-0.011961111430092292,-0.027908360550641057,0.132952342596564
40.490002,-81.269997,24.52,-9.965,5.273,-1.699,0.051467101565001026,-0.043500430029266346,0.06374641189312008
4.2,-63.0,10.6,-11.867,-0.693,-2.96,0.0053386469719859326,-0.033721264833365,0.027557584260484207
-16.469999,-27.5,32.970001,-17.062,-7.449,-4.679,-0.020935121497609843,-0.014719599728849803,0.08571448873827818
42.779999,-57.849998,-3.2,-13.049,0.249,-3.082,0.054377931457835996,-0.03096468417726406,-0.008319270720146177
73.849998,-66.160004,19.6,-13.243,8.981,-2.346,0.09387120671520646,-0.035412682797785526,0.050955533160895336
20.99,-62.59,-3.68,-13.441,1.763,-3.349,0.026680523795710644,-0.033501808982862154,-0.009567161328168103
24.09,-51.75,-4.21,-13.397,-0.305,-3.785,0.030620953703605024,-0.02769961039883554,-0.010945040541192313
53.580002,-77.779999,24.59,-8.743,2.292,-2.061,0.06810588462769052,-0.04163238007964866,0.06392839594012327
36.810001,-75.629997,18.84,-10.311,2.242,-2.013,0.046789428661297414,-0.04048157393942224,0.04897970636486061
-10.95,-55.330002,13.58,-12.874,-2.085,-3.523,-0.013918615319820464,-0.02961583572496215,0.03530490511862033
9.77,-6.04,-10.11,-19.326,-2.233,-4.938,0.012418709741976798,-0.0032329593586273753,-0.026283695931461824
39.84,-71.419998,20.83,-9.018,0.585,-2.16,0.05064087984855228,-0.038228137570736495,0.05415325284395151
54.970001,-74.370003,31.190001,-9.587,5.301,-2.116,0.06987272128302706,-0.03980715185430397,0.08108689440019685
1.12,-53.400002,8.9,-12.744,-2.338,-3.525,0.001423639192529582,-0.02858278745308287,0.023137971690406555
40.57,-61.459999,7.11,-11.01,4.488,-2.971,0.0515687875365403,-0.032896966713291245,0.018484379631324786
25.76,-57.959999,8.24,-11.215,0.531,-2.548,0.03274370142818039,-0.031023563111437634,0.021422122104376405
44.150002,-57.450001,12.41,-10.844,1.696,-2.733,0.0561193510691602,-0.030750582514255307,0.03226317176156689
33.970001,-43.93,-8.67,-13.824,0.726,-3.482,0.04317948642309741,-0.023513891494122613,-0.022540024107396046
35.259998,-64.050003,3.69,-11.498,3.897,-2.822,0.04481920989403096,-0.03428328751969561,0.009593159049168559
30.23,-59.889999,9.78,-11.599,2.552,-2.675,0.038425547134079696,-0.03205661138331691,0.02542577113844675
40.689999,-54.970001,9.28,-11.195,1.67,-2.756,0.05172131903606205,-0.029423142247799038,0.02412588508842391
49.16,-58.68,6.5,-10.625,2.741,-2.984,0.06248759170067343,-0.03140894953050569,0.016898518650296922
33.68,-65.849998,11.75,-10.492,2.249,-3.04,0.042810864289639566,-0.03524674955292946,0.03054732217553674
27.08,-63.650002,13.01,-11.408,2.291,-2.752,0.03442156190509024,-0.034069183715654164,0.0338230350215943
27.07,-65.779999,16.540001,-10.494,1.803,-2.432,0.03440885084087123,-0.03520928201615056,0.04300023313452765
28.360001,-62.830002,13.53,-9.958,0.746,-2.751,0.036048579396230476,-0.03363027201464846,0.03517491651361805
38.349998,-55.880001,7.53,-11.107,2.374,-3.141,0.04874692873770632,-0.029910227184280973,0.019576283913343973
26.530001,-63.130001,15.23,-10.486,1.932,-2.796,0.03372245464415089,-0.03379084893097774,0.039594529083695706
24.51,-62.639999,11.67,-10.613,1.293,-2.76,0.03115481840080362,-0.033528571356201894,0.030339340407533087
36.259998,-63.32,11.52,-10.351,1.03,-2.998,0.04609031631593238,-0.033892547448391624,0.029949374592526234
37.130001,-67.120003,16.620001,-9.853,1.059,-3.004,0.047196182716305865,-0.0359265301076072,0.0432082149025313
36.200001,-65.540001,13.57,-10.173,1.97,-2.777,0.04601405374393755,-0.03508082112539694,0.03527890739761988
33.75,-67.129997,13.06,-9.932,1.991,-2.697,0.04289984173917267,-0.035931879477777755,0.033953023626596586
30.85,-68.940002,15.65,-9.745,1.455,-2.828,0.03921363311565858,-0.036900699445312914,0.0406864333657149
29.67,-72.230003,18.09,-9.26,1.405,-2.684,0.037713727537814906,-0.03866169936631347,0.047029877289826355
31.51,-71.199997,15.52,-9.283,0.851,-2.748,0.04005256335411351,-0.03811038023764752,0.04034846299270895
37.009998,-68.330002,12.54,-9.799,1.38,-2.94,0.04704364613235843,-0.03657419196041842,0.032601142134572825
34.41,-68.989998,13.51,-9.685,1.868,-2.798,0.0437387719776276,-0.03692746021287813,0.03512292107161714
30.16,-71.870003,15.85,-9.138,1.532,-2.648,0.0383365696845466,-0.03846900642440853,0.04120638778572403
32.900002,-72.220001,16.370001,-9.185,1.222,-2.831,0.04181940382276931,-0.03865634571407755,0.04255827187751988
34.23,-70.709999,15.72,-9.39,1.456,-2.892,0.043509972821685346,-0.03784810480390436,0.04086841741271809
31.530001,-69.879997,15.06,-9.328,1.256,-2.715,0.04007798675365795,-0.03740383945066273,0.039152567826687946
36.360001,-69.269997,14.31,-9.369,1.654,-2.687,0.046217430771441775,-0.03707733196576825,0.03720273875165368
36.709999,-70.160004,15.36,-9.134,1.882,-2.81,0.04666231547689443,-0.03755371548561823,0.039932499456701645
33.290001,-70.809998,15.48,-8.918,1.715,-2.874,0.042315134056204434,-0.037901630085842006,0.04024447210870713
37.389999,-73.809998,15.31,-8.912,1.623,-2.713,0.04752666784378739,-0.03950740460171653,0.03980251085169936
37.25,-74.290001,15.77,-9.016,1.251,-2.675,0.04734871421582761,-0.03976433013003097,0.040998406017720375
34.98,-70.75,14.1,-9.144,1.795,-2.844,0.0444633026381114,-0.03786951566604086,0.03665678661064409
32.450001,-71.639999,12.21,-9.162,1.954,-2.79,0.041247404661807256,-0.038345894903825464,0.03174321734155776
34.990002,-74.769997,14.62,-8.916,1.82,-2.716,0.04447601624454326,-0.04002125191153821,0.03800866810266784
34.759998,-74.290001,15.98,-8.761,1.596,-2.813,0.044183656683080254,-0.03976433013003097,0.04154435815872997
34.029999,-72.669998,13.1,-8.906,1.329,-2.827,0.043255750266198635,-0.038897210285684214,0.03405701451059841
34.27,-74.349998,12.95,-8.905,1.243,-2.764,0.04356081707856141,-0.039796444014573946,0.033667048695591555
33.84,-73.669998,13.21,-9.052,1.503,-2.843,0.0430142413171438,-0.03943246845764239,0.03434298944160344
31.57,-76.43,14.46,-8.644,1.83,-2.779,0.040128829739427586,-0.040909782082763295,0.037592704566660536
33.470001,-79.349998,16.25,-8.256,1.232,-2.762,0.0425439332121467,-0.042472734874364815,0.0422462966257423
36.080002,-77.68,15.56,-8.504,1.311,-2.832,0.0458615222444158,-0.041578854797711014,0.04045245387671079
31.950001,-76.720001,15.11,-8.528,1.261,-2.791,0.04061185145085655,-0.041065007487889334,0.03928255643169022
32.25,-77.800003,13.98,-8.465,1.455,-2.75,0.04099318210632055,-0.04164308738412051,0.03634481395863861
37.48,-80.639999,16.01,-8.01,1.41,-2.808,0.047641068692864934,-0.043163218451449034,0.041622351321731345
35.0,-81.940002,16.75,-7.745,1.382,-2.855,0.044488724766549435,-0.043859055680769185,0.04354618267576514
35.029999,-83.93,17.32,-7.741,1.184,-2.728,0.04452685668810005,-0.04492421837244961,0.04502805277279118
36.419998,-85.279999,17.73,-7.796,1.173,-2.658,0.046293693343436595,-0.045646816369334965,0.04609395933380991
36.540001,-83.980003,16.52,-7.866,1.301,-2.776,0.04644622992738403,-0.044950982886822026,0.04294823509275463
33.880001,-85.82,16.790001,-7.422,1.715,-2.733,0.04306508684512628,-0.04593585631745055,0.04365017615953907
39.580002,-89.18,17.219999,-7.137,1.373,-2.683,0.050310394721070746,-0.04773432377523002,0.044768072963014514
39.380001,-88.830002,18.709999,-7.106,1.105,-2.767,0.05005617216558404,-0.047546984485561,0.048641733392082574
34.700001,-85.540001,18.09,-7.255,1.348,-2.813,0.044107394111085434,-0.045785984564560435,0.047029877289826355
31.139999,-88.459999,17.049999,-7.041,1.383,-2.667,0.03958225270690356,-0.04734893735616196,0.04432611170600675
39.0,-91.300003,17.77,-6.839,1.467,-2.729,0.049573150454155085,-0.04886907270555587,0.046197950217811735
36.099998,-91.879997,18.18,-6.633,1.637,-2.785,0.045886939288428144,-0.04917951923374258,0.047263856778830465
35.43,-93.919998,19.459999,-6.366,1.528,-2.703,0.04503530052796704,-0.05027144643979543,0.05059156246711683
34.57,-93.160004,17.459999,-6.538,1.171,-2.705,0.043942149005131825,-0.04986465344065624,0.04539201826702547
35.389999,-91.959999,16.99,-6.562,1.425,-2.773,0.04498445499998457,-0.04922234095801557,0.044170127979776104
34.290001,-93.330002,19.049999,-6.42,1.42,-2.786,0.04358624047810585,-0.049955646259372787,0.04952565590609811
33.869999,-90.970001,19.120001,-6.533,1.237,-2.764,0.043052373238694416,-0.048692436438293324,0.0497076451526455
32.98,-91.389999,20.26,-6.313,1.243,-2.742,0.04192108979430858,-0.04891724379999941,0.05267138274692548
32.509998,-91.25,19.73,-6.324,1.401,-2.814,0.041323667233802076,-0.04884230819118344,0.05129350353390127
33.689999,-89.519997,18.440001,-6.658,1.104,-2.813,0.04282357408275216,-0.04791630994792129,0.047939800124614435
33.509998,-89.169998,19.610001,-6.613,1.151,-2.76,0.04259477365570349,-0.0477289701229941,0.05098153348166789
31.73,-89.599998,20.57,-6.481,1.282,-2.794,0.04033220676693182,-0.04795913113693611,0.05347731209793964
34.91,-91.910004,20.52,-6.397,1.156,-2.769,0.044374325188578305,-0.049195580725708524,0.05334732349293735
37.389999,-92.550003,21.440001,-6.352,1.045,-2.725,0.04752666784378739,-0.04953814542050359,0.055739116424751475
35.57,-91.550003,20.459999,-6.672,1.187,-2.763,0.045213255427033236,-0.04900288724854541,0.05319133456716251
33.880001,-91.889999,20.15,-6.707,1.206,-2.745,0.04306508684512628,-0.0491848728859785,0.05238540781592045
35.220001,-92.489998,21.139999,-6.499,1.127,-2.747,0.044768369450474174,-0.04950602725389523,0.05495917959519358
35.369999,-93.370003,22.950001,-6.181,1.257,-2.712,0.04495903287154653,-0.04997705712150929,0.059664772295820456
34.509998,-91.410004,21.09,-6.306,1.421,-2.695,0.043865880077604905,-0.04892795163972944,0.054829193589963396
33.259998,-90.160004,17.23,-6.382,1.445,-2.731,0.04227699705022814,-0.04825887892478172,0.04479407328378707
33.84,-92.309998,18.6,-6.147,1.389,-2.771,0.0430142413171438,-0.04940968078294276,0.048355761060849656
33.459999,-92.779999,19.17,-6.112,1.614,-2.668,0.04253121960571484,-0.04966125265902128,0.04983763115787569
35.41,-95.379997,20.030001,-5.821,1.076,-2.65,0.04500987839952901,-0.05105292283559619,0.052073437763687065
39.990002,-93.589996,17.75,-5.976,1.509,-2.834,0.05083154835405032,-0.05009481017253288,0.04614595477581082
35.93,-93.089996,16.32,-6.272,1.421,-2.764,0.045670853738917744,-0.0498271810865538,0.0424282806727455
35.439999,-94.400002,18.030001,-6.257,1.429,-2.629,0.045048010321079635,-0.05052837250336804,0.04687389356359571
40.040001,-95.769997,18.450001,-6.121,1.459,-2.723,0.05089510240403897,-0.051261673522659874,0.047965797845614895
37.470001,-95.480003,17.030001,-6.115,1.351,-2.811,0.04762835889975235,-0.05110645186434103,0.04427412146355003
36.48,-97.5,18.98,-5.809,1.495,-2.649,0.04636996227096352,-0.05218767176592203,0.04934367445886701
39.189999,-96.57,19.620001,-5.949,1.388,-2.614,0.04981465940320993,-0.05168988166600093,0.05100753120266834
36.779999,-91.300003,17.23,-6.284,1.414,-2.764,0.046751292926427525,-0.04886907270555587,0.04479407328378707
33.939999,-91.160004,16.129999,-6.32,1.356,-2.831,0.04314135068822752,-0.048794137096739895,0.041934321373964724
34.959999,-93.050003,18.959999,-5.955,1.237,-2.727,0.04443787923856696,-0.04980577450648267,0.04929167641709399
34.259998,-94.059998,19.870001,-5.928,1.121,-2.689,0.04354810347212955,-0.050346382583869566,0.05165747422767976
32.700001,-92.529999,18.77,-6.084,1.336,-2.809,0.041565181267282605,-0.04952743811603173,0.048797722317857416
33.400002,-91.639999,17.790001,-6.18,1.291,-2.796,0.04245495703372002,-0.04905105834298896,0.04624994825958475
34.27,-93.010002,18.190001,-6.165,1.141,-2.697,0.04356081707856141,-0.04978436364434617,0.04728985709960302
33.580002,-94.080002,19.559999,-6.052,1.249,-2.721,0.042683756189662275,-0.050357089888341415,0.05085153967712141
33.369999,-93.980003,20.0,-5.835,1.184,-2.774,0.04241682002774371,-0.05030356460640377,0.0519954420009136
34.990002,-92.209999,18.1,-6.098,1.079,-2.797,0.04447601624454326,-0.04935615550100511,0.047055875010826816
33.200001,-92.279999,18.66,-6.179,1.259,-2.784,0.04220073447823331,-0.04939362357304219,0.04851174738685239
32.830002,-92.150002,17.75,-6.184,1.567,-2.775,0.041730426373236214,-0.049324041616462144,0.04614595477581082
35.43,-94.480003,17.68,-6.052,1.194,-2.752,0.04503530052796704,-0.05057119369238286,0.045963970728807625
37.599998,-94.860001,18.67,-5.968,1.274,-2.791,0.04779359892128026,-0.05077459072721062,0.04853774510785285
33.639999,-93.510002,18.790001,-5.973,1.255,-2.742,0.042760018761657095,-0.05005199273032526,0.04884972035963043
34.740002,-92.330002,18.049999,-6.052,1.357,-2.699,0.044158239639067905,-0.04942038808741461,0.04692588380605243
35.57,-91.93,16.860001,-6.206,1.318,-2.775,0.045213255427033236,-0.049206283748115004,0.043832160206542264
33.290001,-93.68,18.299999,-6.004,1.312,-2.759,0.042315134056204434,-0.050142985549041806,0.047575826831063844
35.650002,-95.220001,18.84,-5.929,1.38,-2.699,0.0453149464829982,-0.050967283669115564,0.04897970636486061
36.5,-95.07,18.940001,-5.885,1.222,-2.69,0.04639538439940155,-0.050886994408063664,0.049239686174637275
36.07,-93.32,17.35,-6.152,1.514,-2.74,0.04584880863798395,-0.04995029260713686,0.04510604593579255
34.709999,-94.18,18.200001,-6.085,1.381,-2.718,0.04412010263309161,-0.050410614635020896,0.04731585482060348
36.23,-93.910004,18.27,-6.082,1.226,-2.725,0.04605218566548817,-0.05026609706962487,0.047497836267834576
35.91,-95.68,19.4,-5.833,1.456,-2.702,0.045645431610479716,-0.05121350189295816,0.05043557874088619
33.790001,-94.129997,18.790001,-5.911,1.455,-2.752,0.04295068726715514,-0.05038385012064847,0.04884972035963043
33.209999,-93.980003,18.83,-6.009,1.161,-2.738,0.042213443000239485,-0.05030356460640377,0.04895370864386015
33.57,-93.620003,19.02,-6.122,1.303,-2.734,0.042671042583230415,-0.05011087166449883,0.04944766534286883
33.970001,-93.790001,19.5,-6.039,1.584,-2.74,0.04317948642309741,-0.050201864483215376,0.05069555595089076
33.619999,-92.980003,18.700001,-6.06,1.151,-2.794,0.04273459663321906,-0.049768306434445596,0.04861574087062632
34.32,-93.889999,19.620001,-5.956,1.089,-2.763,0.043624372399656476,-0.05025538922989485,0.05100753120266834
33.830002,-93.57,18.75,-6.169,1.338,-2.757,0.043001532795137624,-0.0500841071501264,0.0487457268758565
33.84,-92.860001,18.33,-6.237,1.27,-2.744,0.0430142413171438,-0.04970407438329427,0.04765382259383731
36.57,-94.639999,18.719999,-6.061,1.218,-2.716,0.046484361848934654,-0.050656832858863486,0.048667731113083035
35.799999,-95.529999,19.459999,-5.918,1.188,-2.733,0.04550560863296414,-0.05113321263190626,0.05059156246711683
35.709999,-94.959999,19.049999,-6.0,1.296,-2.718,0.04539120905499302,-0.050828115473890094,0.04952565590609811
36.52,-94.949997,18.83,-6.029,1.189,-2.709,0.046420806527839586,-0.05082276182165417,0.04895370864386015
35.810001,-94.419998,18.280001,-6.1,1.291,-2.748,0.045518322239396,-0.05053907552577452,0.04752383658860713
34.790001,-93.239998,17.110001,-6.236,1.343,-2.768,0.04422179368905656,-0.04990747088286387,0.04448210323155369
35.09,-94.129997,18.51,-5.978,1.206,-2.728,0.044603124344520566,-0.05038385012064847,0.048121781571845545
35.509998,-94.980003,19.370001,-5.845,1.233,-2.721,0.045136986499506315,-0.05083882277836194,0.05035758817765692
35.59,-94.940002,17.91,-6.084,1.341,-2.733,0.04523867755547127,-0.050817411916225456,0.04656191831181813
36.529999,-95.029999,17.91,-6.063,1.39,-2.718,0.04643351632095217,-0.05086558354592717,0.04656191831181813
37.709999,-95.120003,17.530001,-6.123,1.348,-2.71,0.04793342189879585,-0.05091375892243609,0.04557400751357287
35.630001,-96.419998,18.049999,-6.018,1.3,-2.716,0.04528952308345375,-0.051609591869690864,0.04692588380605243
35.080002,-96.68,18.51,-5.932,1.133,-2.729,0.04459041582251439,-0.051748760064916334,0.048121781571845545
36.93,-96.419998,18.74,-5.931,1.177,-2.706,0.04694196016081916,-0.051609591869690864,0.04871972915485604
33.790001,-92.470001,17.370001,-6.221,1.24,-2.771,0.04295068726715514,-0.04949532369623058,0.04515804397756556
33.119999,-93.099998,18.309999,-6.123,1.468,-2.773,0.042099043422268355,-0.04983253473878972,0.047601824552064305
33.080002,-93.199997,19.209999,-6.005,1.195,-2.777,0.04204820297871156,-0.04988606002072736,0.049941619442105414
32.950001,-93.940002,20.110001,-5.914,1.266,-2.773,0.04188295787275796,-0.050282153744267276,0.05228141953169073
33.57,-96.269997,20.59,-5.847,1.406,-2.722,0.042671042583230415,-0.051529302608638965,0.053529307539940556
34.720001,-95.769997,19.110001,-6.095,1.369,-2.728,0.04413281623952346,-0.051261673522659874,0.04968164743164505
33.970001,-94.779999,19.02,-6.128,1.252,-2.761,0.04317948642309741,-0.050731769002937625,0.04944766534286883
33.419998,-93.800003,19.290001,-6.094,1.267,-2.782,0.04248037407773236,-0.0502072181354513,0.05014960640965327
34.029999,-94.419998,20.200001,-5.919,1.191,-2.75,0.043255750266198635,-0.05053907552577452,0.05251539902069484
34.91,-93.739998,19.07,-6.035,1.106,-2.768,0.044374325188578305,-0.05017509996884295,0.04957765394787112
33.439999,-92.629997,18.709999,-6.089,1.335,-2.79,0.042505797477276806,-0.04958096286271121,0.048641733392082574
33.09,-91.779999,18.530001,-6.107,1.378,-2.797,0.04206091150071774,-0.049125994487063104,0.04817377961361855
34.119999,-91.690002,18.129999,-6.13,1.197,-2.792,0.04337014984416977,-0.04907782285736138,0.047133865574056084
33.290001,-93.370003,19.389999,-5.895,1.204,-2.756,0.042315134056204434,-0.04997705712150929,0.050409578420113635
32.43,-93.040001,18.59,-5.982,1.251,-2.777,0.041221981262262807,-0.04980042085424675,0.048329763339849195
33.91,-92.440002,17.780001,-6.127,1.252,-2.771,0.04310321876667689,-0.04947926648633002,0.04622395053858429
34.169998,-92.690002,17.780001,-6.12,1.313,-2.748,0.04343370389415842,-0.04961308102931956,0.04622395053858429
33.82,-92.610001,17.799999,-6.047,1.485,-2.769,0.04298881918870577,-0.04957025984030473,0.046275940781041004
34.18,-92.769997,18.34,-5.969,1.351,-2.783,0.04344641750059028,-0.04965589900678535,0.04767982031483777
34.779999,-93.160004,18.639999,-5.967,1.339,-2.745,0.0442090800826247,-0.04986465344065624,0.04845974934507938
32.130001,-92.379997,18.23,-6.07,1.268,-2.744,0.040840650606798805,-0.04944714831972166,0.04739384538383275
32.25,-92.209999,17.940001,-6.153,1.349,-2.747,0.04099318210632055,-0.04935615550100511,0.046639914074591594
33.060001,-91.660004,17.559999,-6.272,1.209,-2.762,0.04202277957916711,-0.04906176618271898,0.04565199547703005
32.830002,-93.0,19.26,-6.033,1.258,-2.744,0.041730426373236214,-0.04977900999211025,0.0500716106468798
32.779999,-93.559998,19.870001,-5.955,1.273,-2.738,0.041666867238821875,-0.050078753497890476,0.05165747422767976
34.709999,-93.370003,20.440001,-5.891,1.317,-2.718,0.04412010263309161,-0.04997705712150929,0.053139344324705795
33.919998,-91.57,18.709999,-6.101,1.231,-2.756,0.04311592728868306,-0.04901359080621005,0.048641733392082574
32.470001,-91.230003,18.51,-6.167,1.185,-2.774,0.041272826790245284,-0.048831604633518794,0.048121781571845545
35.040001,-92.839996,18.98,-6.112,1.178,-2.749,0.044539570294531906,-0.04969336654356425,0.04934367445886701
35.48,-94.550003,19.66,-6.0,1.159,-2.724,0.045098855849062106,-0.050608661764419936,0.05111151948689807
34.130001,-93.669998,19.58,-6.024,1.415,-2.737,0.043382863450601626,-0.05013763189680588,0.050903537718894415
33.099998,-93.190002,19.65,-6.038,1.299,-2.73,0.042073620022723905,-0.04988071011529865,0.05108552176589761
34.549999,-93.190002,19.129999,-6.095,1.285,-2.728,0.043916725605587376,-0.04988071011529865,0.049733637674101765
33.34,-94.379997,20.299999,-5.868,1.246,-2.711,0.042378688106193094,-0.050517664663638016,0.052775371031155205
33.970001,-93.639999,19.6,-5.97,1.351,-2.733,0.04317948642309741,-0.050121574686905306,0.050955533160895336
34.080002,-94.739998,19.57,-5.963,1.301,-2.72,0.04331930940061298,-0.050710358140801125,0.05087753999789396
31.93,-93.830002,18.41,-6.115,1.211,-2.751,0.040586428051312094,-0.05022327534535187,0.04786180436184097
32.57,-93.059998,18.200001,-6.117,1.42,-2.754,0.041399936161329004,-0.04981112441191139,0.04731585482060348
35.139999,-95.269997,19.15,-6.009,1.315,-2.711,0.04466667839450921,-0.05099404443668079,0.04978563571587477
36.330002,-96.25,19.51,-5.939,1.351,-2.684,0.04617929884989116,-0.05151859905097431,0.050721553671891226
33.41,-95.599998,19.389999,-5.928,1.185,-2.698,0.04246766555572618,-0.05117068016868516,0.050409578420113635
35.75,-93.699997,18.6,-6.067,1.384,-2.739,0.04544205458297549,-0.05015368910670645,0.048355761060849656
35.330002,-93.279999,18.74,-6.067,1.209,-2.742,0.04490819242798975,-0.04992888174500037,0.04871972915485604
34.549999,-93.349998,18.469999,-6.078,1.288,-2.735,0.043916725605587376,-0.04996634928177927,0.04801778808807162
34.02,-93.730003,19.07,-5.965,1.225,-2.733,0.04324304047308605,-0.05016975006341423,0.04957765394787112
34.32,-93.099998,18.24,-6.134,1.121,-2.769,0.043624372399656476,-0.04983253473878972,0.0474198431048332
33.07,-93.260002,18.780001,-6.093,1.183,-2.75,0.04203548937227971,-0.04991817818733572,0.04882372263862997
32.959999,-92.5,18.65,-6.139,1.304,-2.747,0.041895666394764136,-0.04951138090613116,0.04848574966585193
34.029999,-92.709999,18.940001,-6.084,1.197,-2.759,0.043255750266198635,-0.0496237845869842,0.049239686174637275
34.07,-93.610001,19.34,-6.002,1.185,-2.763,0.04330659579418112,-0.0501055180122629,0.05027959241488345
32.400002,-93.830002,20.0,-5.913,1.208,-2.724,0.041183850611818604,-0.05022327534535187,0.0519954420009136
33.68,-92.389999,19.639999,-5.981,1.301,-2.721,0.042810864289639566,-0.04945250197195759,0.05105952144512506
33.700001,-92.279999,19.309999,-6.048,1.143,-2.735,0.04283628768918402,-0.04939362357304219,0.050201596652109985
34.349998,-91.620003,18.42,-6.217,1.368,-2.766,0.04366250305010067,-0.04904035532058248,0.04788780208284143
35.240002,-93.470001,19.59,-6.066,1.265,-2.73,0.04479379285001861,-0.05003058186818876,0.050929535439894875
36.279999,-94.870003,20.16,-5.945,1.236,-2.696,0.04611573971547681,-0.050779944379446544,0.05241140553692091
35.619999,-94.360001,19.07,-6.026,1.34,-2.707,0.04527680947702189,-0.050506961641231536,0.04957765394787112
36.130001,-93.07,18.23,-6.114,1.401,-2.728,0.045925076294404454,-0.04981647806414732,0.04739384538383275
36.669998,-92.82,18.620001,-6.076,1.283,-2.734,0.04661146994891195,-0.04968266352115777,0.04840775910262266
36.790001,-93.389999,19.040001,-6.029,1.421,-2.727,0.04676400653285938,-0.04998776014391577,0.04949966338464185
34.889999,-92.889999,18.58,-6.089,1.268,-2.737,0.04434890178903386,-0.04972013105793668,0.048303765618848735
35.5,-92.910004,19.24,-6.006,1.242,-2.721,0.04512427797750014,-0.0497308388976667,0.05001961520487888
35.330002,-91.190002,18.719999,-6.111,1.418,-2.747,0.04490819242798975,-0.0488101937713823,0.048667731113083035
34.400002,-90.029999,18.23,-6.165,1.502,-2.762,0.04372606345562143,-0.048189292686136295,0.04739384538383275
34.529999,-90.660004,18.6,-6.062,1.401,-2.75,0.04389130347714934,-0.048526508010760805,0.048355761060849656
34.099998,-91.980003,19.360001,-5.928,1.207,-2.733,0.043344726444625316,-0.04923304826248742,0.050331590456656465
33.740002,-91.699997,18.76,-6.022,1.313,-2.742,0.042887133217166494,-0.0490831727627901,0.04877172459685696
33.849998,-91.910004,18.940001,-6.054,1.4,-2.731,0.04302694983914997,-0.049195580725708524,0.049239686174637275
34.34,-92.970001,19.049999,-6.068,1.175,-2.717,0.043649794528094504,-0.04976295278220967,0.04952565590609811
34.75,-94.019997,18.49,-6.089,1.211,-2.715,0.04417094816107408,-0.05032497172173307,0.04806978612984462
33.509998,-94.610001,19.059999,-5.981,1.202,-2.707,0.04259477365570349,-0.05064077618422108,0.04955165362709857
33.459999,-93.910004,19.129999,-6.003,1.079,-2.711,0.04253121960571484,-0.05026609706962487,0.049733637674101765
33.77,-92.93,18.9,-6.047,1.216,-2.721,0.042925263867610704,-0.04974154192007318,0.04913569269086335
33.09,-92.139999,18.620001,-6.094,1.302,-2.749,0.04206091150071774,-0.04931868742896805,0.04840775910262266
33.25,-91.870003,18.73,-6.105,1.176,-2.779,0.04226428852822196,-0.04917416986357202,0.04869373143385559
33.759998,-93.199997,19.860001,-5.956,1.241,-2.755,0.04291255026117884,-0.04988606002072736,0.051631476506679305
33.669998,-94.059998,19.0,-6.049,1.273,-2.736,0.04279815068320771,-0.050346382583869566,0.049395669900867925
35.009998,-93.889999,17.809999,-6.178,1.309,-2.723,0.04450143328855561,-0.05025538922989485,0.046301938502041465
35.91,-93.339996,18.360001,-6.119,1.427,-2.718,0.045645431610479716,-0.049960995629543335,0.047731818356610785
33.209999,-93.769997,19.139999,-6.002,1.285,-2.728,0.042213443000239485,-0.05019115717874353,0.04975963539510222
33.540001,-94.580002,19.120001,-5.969,1.374,-2.736,0.04263291066167979,-0.050624718974320505,0.0497076451526455
35.23,-95.010002,19.639999,-5.905,1.423,-2.719,0.044781079243586756,-0.05085487998826252,0.05105952144512506
34.049999,-93.919998,18.469999,-6.093,1.229,-2.735,0.04328117239463667,-0.05027144643979543,0.04801778808807162
33.830002,-93.629997,18.34,-6.113,1.281,-2.726,0.043001532795137624,-0.05011622103466938,0.04767982031483777
34.759998,-93.360001,18.790001,-6.03,1.303,-2.723,0.044183656683080254,-0.04997170346927336,0.04884972035963043
35.099998,-93.110001,18.34,-6.029,1.3,-2.738,0.04461583286652673,-0.04983788892628382,0.04767982031483777
34.080002,-92.230003,17.66,-6.1,1.363,-2.757,0.04331930940061298,-0.04936686280547697,0.04591197528680671
33.740002,-91.959999,18.440001,-6.036,1.375,-2.749,0.042887133217166494,-0.04922234095801557,0.047939800124614435
33.900002,-91.32,18.65,-6.085,1.255,-2.753,0.04309051024467073,-0.04887977626322051,0.04848574966585193
33.23,-90.849998,18.59,-6.146,1.271,-2.76,0.04223886639978393,-0.04862820385188383,0.048329763339849195
33.169998,-91.639999,19.219999,-6.056,1.267,-2.753,0.04216259747225701,-0.04905105834298896,0.049967617163105875
34.299999,-92.279999,19.4,-5.994,1.24,-2.746,0.04359894900011202,-0.04939362357304219,0.05043557874088619
34.169998,-91.910004,18.68,-6.101,1.282,-2.755,0.04343370389415842,-0.049195580725708524,0.048563742828853305
33.139999,-91.919998,18.93,-6.103,1.256,-2.751,0.04212446555070639,-0.04920093009587908,0.04921368585386472
33.860001,-91.32,18.530001,-6.184,1.199,-2.772,0.04303966471668824,-0.04887977626322051,0.04817377961361855
33.07,-92.160004,19.030001,-6.119,1.061,-2.771,0.04203548937227971,-0.04932939526869807,0.04947366566364139
31.4,-92.889999,19.58,-6.065,1.088,-2.763,0.03991274164770435,-0.04972013105793668,0.050903537718894415
31.82,-93.019997,20.76,-5.898,1.176,-2.732,0.04044660634490294,-0.0497897135497749,0.05397126879694832
33.900002,-92.120003,19.450001,-6.086,1.253,-2.741,0.04309051024467073,-0.04930798440656157,0.050565569945660575
33.630001,-93.050003,18.75,-6.145,1.221,-2.725,0.04274731023965092,-0.04980577450648267,0.0487457268758565
33.5,-93.449997,18.559999,-6.117,1.228,-2.732,0.04258206513369731,-0.050019874563716905,0.04825176757707573
34.209999,-93.830002,19.049999,-6.033,1.191,-2.735,0.0434845494221409,-0.05022327534535187,0.04952565590609811
34.189999,-94.400002,19.639999,-5.948,1.29,-2.707,0.04345912729370287,-0.05052837250336804,0.05105952144512506
34.02,-93.669998,19.040001,-6.058,1.373,-2.702,0.04324304047308605,-0.05013763189680588,0.04949966338464185
35.400002,-92.980003,18.879999,-6.072,1.349,-2.686,0.04499716987752284,-0.049768306434445596,0.04908369464909034
36.25,-93.43,18.030001,-6.153,1.323,-2.694,0.0460776077939262,-0.05000917100605227,0.04687389356359571
35.150002,-94.459999,18.49,-6.049,1.376,-2.693,0.04467939327204749,-0.05056048638791101,0.04806978612984462
34.939999,-94.370003,19.209999,-5.982,1.31,-2.715,0.04441245711012893,-0.05051231529346746,0.049941619442105414
35.990002,-94.019997,19.309999,-6.0,1.411,-2.736,0.04574712266644467,-0.05032497172173307,0.050201596652109985
34.330002,-93.07,18.639999,-6.098,1.377,-2.741,0.04363708600608833,-0.04981647806414732,0.04845974934507938
35.189999,-92.75,18.84,-6.069,1.499,-2.728,0.04473023371560428,-0.0496451954491207,0.04897970636486061
34.98,-92.309998,18.51,-6.106,1.299,-2.743,0.0444633026381114,-0.04940968078294276,0.048121781571845545
34.130001,-93.75,19.02,-6.014,1.29,-2.717,0.043382863450601626,-0.050180453621078876,0.04944766534286883
34.310001,-94.160004,18.879999,-6.027,1.315,-2.697,0.04361166260654388,-0.050399911612614416,0.04908369464909034
35.549999,-94.330002,18.950001,-6.052,1.229,-2.688,0.045187832027488786,-0.05049090443133096,0.049265683895637735
37.560001,-95.610001,18.889999,-6.078,1.265,-2.674,0.04774275847772347,-0.051176034356179255,0.049109692370090795
38.029999,-94.980003,18.629999,-6.101,1.284,-2.675,0.048340175953804285,-0.05083882277836194,0.048433751624078925
38.57,-95.57,19.120001,-6.014,1.198,-2.666,0.049026574692737475,-0.051154623494042754,0.0497076451526455
38.279999,-95.43,19.24,-6.005,1.186,-2.673,0.04865795255927964,-0.051079687349968615,0.05001961520487888
35.810001,-93.610001,19.209999,-6.035,1.259,-2.696,0.045518322239396,-0.0501055180122629,0.049941619442105414
35.27,-93.040001,18.459999,-6.173,1.218,-2.72,0.04483192350046282,-0.04980042085424675,0.04799179036707115
36.119999,-93.43,19.41,-6.029,1.269,-2.697,0.045912362687972594,-0.05000917100605227,0.05046157646188665
35.23,-92.610001,19.299999,-6.019,1.183,-2.706,0.044781079243586756,-0.04957025984030473,0.050175598931109525
34.740002,-91.610001,18.76,-6.055,1.282,-2.735,0.044158239639067905,-0.04903500166834655,0.04877172459685696
35.240002,-91.779999,18.719999,-6.066,1.288,-2.73,0.04479379285001861,-0.049125994487063104,0.048667731113083035
34.779999,-91.400002,18.32,-6.133,1.317,-2.744,0.0442090800826247,-0.04892259798749351,0.04762782487283686
32.389999,-92.209999,18.52,-6.087,1.214,-2.743,0.04117113573428033,-0.04935615550100511,0.04814777929284599
34.759998,-94.07,18.610001,-6.082,1.155,-2.708,0.044183656683080254,-0.05035173623610549,0.04838176138162221
36.009998,-94.360001,19.57,-5.962,1.194,-2.698,0.04577253971045702,-0.050506961641231536,0.05087753999789396
34.310001,-92.330002,19.42,-6.012,1.383,-2.723,0.04361166260654388,-0.04942038808741461,0.05048757418288711
33.349998,-91.599998,18.49,-6.153,1.231,-2.764,0.04239139662819926,-0.04902964748085246,0.04806978612984462
36.0,-94.349998,19.91,-5.996,1.293,-2.728,0.045759831188450846,-0.05050160745373744,0.05176146251190949
36.09,-94.169998,19.68,-6.007,1.415,-2.748,0.045874230766421976,-0.05040526098278497,0.051163514928898986
35.799999,-94.099998,18.98,-6.081,1.273,-2.757,0.04550560863296414,-0.050367792910747895,0.04934367445886701
37.23,-93.970001,19.129999,-6.072,1.264,-2.724,0.04732329208738958,-0.050298210954167845,0.049733637674101765
36.630001,-92.860001,18.74,-6.169,1.381,-2.742,0.04656062950535516,-0.04970407438329427,0.04871972915485604
34.119999,-94.029999,18.75,-6.213,1.24,-2.763,0.04337014984416977,-0.050330325373969,0.0487457268758565
34.950001,-94.919998,19.93,-5.998,1.214,-2.741,0.04442517071656078,-0.0508067046117536,0.0518134579539104
35.900002,-94.379997,19.610001,-6.04,1.318,-2.735,0.04563272308847355,-0.050517664663638016,0.05098153348166789
33.369999,-93.339996,19.1,-6.076,1.215,-2.726,0.04241682002774371,-0.049960995629543335,0.049655647110872496
33.610001,-93.209999,19.15,-6.093,1.143,-2.733,0.042721888111212886,-0.04989141367296329,0.04978563571587477
35.200001,-93.470001,19.129999,-6.093,1.273,-2.729,0.04474294732203614,-0.05003058186818876,0.049733637674101765
34.57,-93.669998,19.27,-6.021,1.286,-2.727,0.043942149005131825,-0.05013763189680588,0.050097608367880256
35.799999,-94.650002,19.49,-5.991,1.252,-2.742,0.04550560863296414,-0.05066218704635758,0.0506695582298903
37.209999,-95.010002,20.129999,-5.909,1.259,-2.72,0.047297868687845135,-0.05085487998826252,0.052333409774147445
37.689999,-95.580002,18.940001,-6.069,1.308,-2.692,0.04790799977035781,-0.05115997714627868,0.049239686174637275
37.610001,-94.239998,17.91,-6.217,1.27,-2.696,0.047806313798818535,-0.05044272905482204,0.04656191831181813
36.110001,-92.980003,18.219999,-6.139,1.105,-2.73,0.04589965416596642,-0.049768306434445596,0.047367845063060195
35.82,-94.050003,18.799999,-5.998,1.262,-2.738,0.04553103203250859,-0.050341032678440846,0.048875712881086684
35.459999,-94.150002,18.299999,-6.075,1.316,-2.724,0.04507343244951766,-0.05039455796037849,0.047575826831063844
35.43,-94.139999,18.15,-6.138,1.191,-2.736,0.04503530052796704,-0.050389203772884396,0.04718586361582909
34.639999,-92.5,17.860001,-6.237,1.223,-2.773,0.044031125183558506,-0.04951138090613116,0.046431932306587945
34.549999,-92.389999,18.42,-6.096,1.338,-2.747,0.043916725605587376,-0.04945250197195759,0.04788780208284143
34.990002,-93.620003,20.08,-5.855,1.285,-2.715,0.04447601624454326,-0.05011087166449883,0.052203423768917255
35.0,-93.25,19.549999,-5.984,1.185,-2.734,0.044488724766549435,-0.04991282453509979,0.05082554195612095
36.099998,-93.639999,19.290001,-6.032,1.486,-2.717,0.045886939288428144,-0.050121574686905306,0.05014960640965327
34.950001,-92.529999,18.4,-6.169,1.276,-2.743,0.04442517071656078,-0.04952743811603173,0.04783580664084051
35.279999,-92.529999,19.190001,-6.049,1.228,-2.758,0.0448446332935754,-0.04952743811603173,0.0498896291996487
34.959999,-92.870003,19.190001,-6.04,1.323,-2.751,0.04443787923856696,-0.0497094280355302,0.0498896291996487
34.540001,-93.239998,19.290001,-6.036,1.312,-2.749,0.0439040170835812,-0.04990747088286387,0.05014960640965327
36.240002,-92.620003,19.290001,-6.084,1.34,-2.757,0.04606489927192003,-0.04957561349254065,0.05014960640965327
35.290001,-91.68,18.309999,-6.211,1.214,-2.771,0.04485734690000726,-0.04907246920512546,0.047601824552064305
35.41,-91.339996,18.209999,-6.21,1.37,-2.775,0.04500987839952901,-0.04889047928562699,0.047341847342059734
35.110001,-91.959999,19.309999,-6.06,1.228,-2.753,0.04462854774406501,-0.04922234095801557,0.050201596652109985
35.450001,-92.339996,19.73,-6.011,1.254,-2.731,0.045060723927511495,-0.04942573745758516,0.05129350353390127
34.490002,-91.459999,18.610001,-6.16,1.242,-2.77,0.043840463033592555,-0.04895471187203648,0.04838176138162221
35.459999,-91.980003,18.940001,-6.126,1.394,-2.768,0.04507343244951766,-0.04923304826248742,0.049239686174637275
35.029999,-91.589996,19.280001,-6.121,1.277,-2.763,0.04452685668810005,-0.04902429382861653,0.05012360868865281
33.93,-91.410004,19.459999,-6.082,1.195,-2.75,0.04312864089511492,-0.04892795163972944,0.05059156246711683
33.029999,-91.779999,20.08,-5.915,1.203,-2.729,0.041984643844297224,-0.049125994487063104,0.052203423768917255
34.07,-91.339996,18.67,-6.078,1.289,-2.752,0.04330659579418112,-0.04889047928562699,0.04853774510785285
33.470001,-91.93,18.530001,-6.125,1.21,-2.743,0.0425439332121467,-0.049206283748115004,0.04817377961361855
33.25,-91.980003,18.190001,-6.166,1.317,-2.747,0.04226428852822196,-0.04923304826248742,0.04728985709960302
34.049999,-92.730003,18.5,-6.09,1.321,-2.738,0.04328117239463667,-0.04963449189145605,0.048095783850845085
33.669998,-92.559998,18.299999,-6.072,1.196,-2.74,0.04279815068320771,-0.0495434953259323,0.047575826831063844
33.57,-92.239998,17.92,-6.085,1.372,-2.749,0.042671042583230415,-0.04937221271090569,0.04658791603281859
34.880001,-91.739998,18.139999,-6.04,1.403,-2.754,0.04433619326702769,-0.049104583624926604,0.04715986329505654
36.029999,-91.870003,17.709999,-6.162,1.315,-2.77,0.04579796311000146,-0.04917416986357202,0.046041961292036894
35.57,-91.379997,18.059999,-6.153,1.277,-2.78,0.045213255427033236,-0.04891189014776349,0.04695188152705289
35.639999,-92.199997,19.219999,-5.967,1.236,-2.757,0.04530223160545992,-0.04935080184876919,0.049967617163105875
36.400002,-92.059998,18.879999,-6.036,1.314,-2.763,0.04626827629942425,-0.04927586623995321,0.04908369464909034
36.07,-91.57,17.639999,-6.215,1.28,-2.758,0.04584880863798395,-0.04901359080621005,0.0458599772450337
34.82,-92.129997,17.15,-6.284,1.246,-2.762,0.04425992561060718,-0.04931333377673212,0.04458609151578341
35.080002,-93.519997,18.83,-5.989,1.332,-2.73,0.04459041582251439,-0.05005734263575398,0.04895370864386015
34.900002,-93.07,18.209999,-6.068,1.216,-2.749,0.04436161666657214,-0.04981647806414732,0.047341847342059734
33.900002,-92.970001,17.799999,-6.133,1.378,-2.746,0.04309051024467073,-0.04976295278220967,0.046275940781041004
35.099998,-91.510002,16.879999,-6.31,1.316,-2.764,0.04461583286652673,-0.04898147638640891,0.04388415044899898
36.330002,-92.470001,17.059999,-6.312,1.246,-2.736,0.04617929884989116,-0.04949532369623058,0.04435210942700721
35.639999,-92.639999,16.799999,-6.359,1.323,-2.743,0.04530223160545992,-0.04958631651494713,0.043676168680995324
35.779999,-92.550003,17.719999,-6.236,1.262,-2.743,0.04548018650452611,-0.04953814542050359,0.046067959013037355
35.610001,-93.809998,19.280001,-6.014,1.286,-2.706,0.045264100955015714,-0.05021256804088002,0.05012360868865281
35.369999,-93.160004,18.540001,-6.128,1.345,-2.734,0.04495903287154653,-0.04986465344065624,0.04819977733461901
35.310001,-93.690002,18.379999,-6.107,1.443,-2.745,0.04488276902844529,-0.05014833920127774,0.0477838085990675
35.509998,-94.419998,17.73,-6.159,1.247,-2.737,0.045136986499506315,-0.05053907552577452,0.04609395933380991
35.939999,-94.199997,17.889999,-6.153,1.258,-2.738,0.04568356353203034,-0.05042131819268554,0.046509920270045114
34.880001,-94.639999,18.719999,-6.023,1.216,-2.729,0.04433619326702769,-0.050656832858863486,0.048667731113083035
35.880001,-94.459999,18.219999,-6.05,1.248,-2.733,0.0456072996889291,-0.05056048638791101,0.047367845063060195
33.990002,-91.800003,17.65,-6.167,1.241,-2.793,0.04320490982264185,-0.049136701791534954,0.04588597756580625
33.77,-91.120003,18.59,-6.023,1.312,-2.785,0.042925263867610704,-0.048772726234603395,0.048329763339849195
34.900002,-91.650002,18.42,-6.028,1.176,-2.778,0.04436161666657214,-0.049056412530483054,0.04788780208284143
36.07,-92.080002,18.42,-6.037,1.315,-2.763,0.04584880863798395,-0.04928657354442507,0.04788780208284143
34.240002,-90.559998,17.98,-6.117,1.302,-2.782,0.0435226864281172,-0.048472978982015955,0.04674390235882133
33.549999,-90.779999,18.219999,-6.147,1.242,-2.781,0.042645619183685965,-0.04859073631510493,0.047367845063060195
35.150002,-91.68,18.34,-6.162,1.218,-2.753,0.04467939327204749,-0.04907246920512546,0.04767982031483777
33.950001,-93.199997,18.610001,-6.063,1.22,-2.722,0.04315406429465937,-0.04988606002072736,0.04838176138162221
33.650002,-93.540001,19.129999,-6.007,1.273,-2.722,0.04277273363919537,-0.05006804994022584,0.049733637674101765
34.490002,-92.470001,18.76,-6.101,1.228,-2.748,0.043840463033592555,-0.04949532369623058,0.04877172459685696
34.580002,-92.599998,18.700001,-6.15,1.214,-2.741,0.043954862611563686,-0.04956490565281063,0.04861574087062632
33.669998,-93.059998,18.77,-6.13,1.179,-2.738,0.04279815068320771,-0.04981112441191139,0.048797722317857416
