39.110001,-119.099998,30.58,-0.867,1.526,-3.393,0.046616244272105686,-0.07062239728161485,0.09046136086713803
40.5,-119.970001,30.530001,-0.857,1.566,-3.361,0.048273020832197894,-0.07113828056065737,0.0903134544713893
40.689999,-120.279999,30.280001,-0.87,1.62,-3.357,0.04849948566392868,-0.07132209921960063,0.08957390770171028
41.619999,-122.68,31.299999,-0.733,1.617,-3.323,0.04960797725340878,-0.0727452211922666,0.09259125260562653
40.540001,-122.57,30.280001,-0.889,1.449,-3.335,0.048320699081736376,-0.07267999479569708,0.08957390770171028
40.880001,-123.239998,30.719999,-0.766,1.596,-3.303,0.04872595407143878,-0.07307728166159515,0.09087550409997121
41.52,-122.389999,30.360001,-0.801,1.631,-3.319,0.049488785801305106,-0.07257326009925243,0.08981056266800758
40.09,-121.980003,31.299999,-0.711,1.553,-3.331,0.047784330991674416,-0.07233014590208953,0.09259125260562653
40.41,-120.800003,30.700001,-0.844,1.608,-3.357,0.04816574745257078,-0.07163044455707099,0.09081634627477105
39.93,-120.150002,30.83,-0.813,1.608,-3.361,0.047593622761226216,-0.07124501525710202,0.09120090763681706
40.669998,-120.120003,31.17,-0.772,1.722,-3.345,0.04847564594319621,-0.07122722683282301,0.09220669124358054
40.68,-119.470001,31.110001,-0.808,1.696,-3.351,0.048487567591452105,-0.07084179693988679,0.09202920297704464
40.560001,-118.870003,30.52,-0.897,1.663,-3.375,0.0483445376105424,-0.0704860177808966,0.09028386964241507
40.27,-118.93,30.59,-0.822,1.611,-3.364,0.04799887775092863,-0.07052159403648735,0.0904909427379252
39.82,-119.389999,30.59,-0.827,1.537,-3.348,0.04746251085279309,-0.07079435837462902,0.0904909427379252
41.439999,-120.809998,30.940001,-0.785,1.635,-3.314,0.04939343049415457,-0.0716363712646502,0.0915263111736629
41.93,-119.989998,30.1,-0.922,1.514,-3.332,0.049977475641828584,-0.07115013812658647,0.08904143106935432
42.349998,-119.709999,30.83,-0.859,1.653,-3.343,0.0504780823629022,-0.07098410789192218,0.09120090763681706
41.66,-120.989998,32.490002,-0.655,1.658,-3.334,0.04965565550294726,-0.0717431053681276,0.09611150410385992
42.310001,-121.68,31.690001,-0.778,1.608,-3.34,0.05043040888106948,-0.07215225395072547,0.09374495148269997
41.32,-122.529999,31.17,-0.828,1.496,-3.334,0.04925040051324486,-0.07265627551306819,0.09220669124358054
40.619999,-122.690002,30.99,-0.821,1.462,-3.325,0.0484160508131076,-0.0727511520506165,0.09167421756941163
40.630001,-121.699997,30.59,-0.857,1.43,-3.326,0.04842797246136349,-0.07216411151665456,0.0904909427379252
40.080002,-120.870003,31.200001,-0.761,1.543,-3.325,0.047772414111124276,-0.07167195226397886,0.09229543981412909
39.150002,-119.290001,30.309999,-0.854,1.473,-3.348,0.046663922521644176,-0.07073506283640939,0.08966264739769761
41.23,-120.870003,30.190001,-0.823,1.61,-3.297,0.04914312713361775,-0.07167195226397886,0.08930767086462583
41.16,-120.940002,29.889999,-0.823,1.469,-3.284,0.04905969228279667,-0.07171345937791951,0.08842020882463685
42.23,-121.18,30.17,-0.798,1.607,-3.286,0.05033505357391894,-0.0718557703299549,0.08924850416486445
41.360001,-121.68,30.129999,-0.82,1.529,-3.29,0.049298078762783346,-0.07215225395072547,0.08913017372352872
40.360001,-121.870003,30.450001,-0.787,1.503,-3.29,0.048106152322482165,-0.07226491950552,0.09007679950509202
40.880001,-121.169998,29.91,-0.899,1.641,-3.318,0.04872595407143878,-0.071849839471605,0.08847937552439826
41.490002,-122.260002,30.59,-0.783,1.645,-3.288,0.04945303039194894,-0.07249617613675381,0.0904909427379252
41.48,-122.800003,30.77,-0.76,1.548,-3.285,0.04944110874369305,-0.07281637904015327,0.09102341641209409
41.299999,-121.43,30.51,-0.8,1.644,-3.329,0.0492265607925124,-0.07200401214034019,0.09025428777162792
40.43,-120.629997,30.24,-0.848,1.581,-3.354,0.04818958598137681,-0.07152963656820555,0.08945557726037456
39.970001,-120.400002,30.68,-0.772,1.622,-3.352,0.04764130101076471,-0.0713932570674873,0.09075717957500964
40.139999,-120.18,30.540001,-0.801,1.683,-3.352,0.04784392612176303,-0.07126280308841376,0.09034303634217647
41.459999,-121.68,30.41,-0.824,1.663,-3.329,0.04941726902296059,-0.07215225395072547,0.0899584690637563
42.779999,-121.769997,30.32,-0.836,1.612,-3.325,0.050990611924158144,-0.07220561922356244,0.08969223222667184
41.91,-119.959999,30.25,-0.869,1.616,-3.349,0.04995363711302256,-0.07113234970230746,0.08948515913116173
41.240002,-119.190002,30.51,-0.845,1.625,-3.35,0.04915504878187365,-0.07067576670522252,0.09025428777162792
40.68,-119.610001,30.58,-0.848,1.462,-3.347,0.048487567591452105,-0.07092481235370256,0.09046136086713803
41.139999,-120.230003,30.75,-0.844,1.543,-3.346,0.04903585256206421,-0.07129245322939254,0.09096425267051977
40.740002,-120.459999,30.290001,-0.893,1.449,-3.344,0.04855908556172305,-0.07142883332307803,0.08960348957249745
40.209999,-116.019997,25.32,-1.688,1.159,-3.461,0.04792736097258411,-0.0687960575847009,0.07490129683309141
39.310001,-121.419998,29.02,-1.044,1.538,-3.217,0.04685462956016593,-0.07199808128199028,0.08584658902434093
43.139999,-119.43,28.559999,-1.411,1.625,-3.232,0.05141970544266658,-0.07081807765725791,0.08448582000994445
43.650002,-116.209999,29.23,-1.611,1.689,-3.367,0.0520275915029995,-0.0689087225465282,0.08646780831087131
39.970001,-114.169998,29.299999,-1.718,1.645,-3.44,0.04764130101076471,-0.06769906878081705,0.08667487844819435
38.830002,-114.739998,29.540001,-1.65,1.549,-3.379,0.0462825060607478,-0.0680370601084955,0.08738484926346038
39.110001,-114.370003,29.379999,-1.592,1.389,-3.369,0.046616244272105686,-0.06781766519396148,0.08691153341449165
38.459999,-112.970001,28.139999,-1.69,1.522,-3.379,0.045841489702057044,-0.06698750986986941,0.08324338143688369
40.900002,-111.440002,27.68,-1.853,1.517,-3.361,0.048749793792171245,-0.06608027058327871,0.08188261833886137
42.119999,-107.93,24.459999,-2.482,1.642,-3.402,0.05020394047355937,-0.06399895437953484,0.07235725298720848
42.259998,-107.589996,24.08,-2.513,2.041,-3.382,0.050370808983275096,-0.06379734314554189,0.07123314485548345
41.189999,-105.32,21.83,-2.767,1.863,-3.412,0.04909544888407927,-0.062451309879112474,0.06457722392837224
41.380001,-104.779999,21.030001,-2.871,1.845,-3.383,0.04932191729158938,-0.06213110697571302,0.06221067722358645
39.009998,-103.949997,20.299999,-2.979,1.762,-3.357,0.04649704805229626,-0.061638942979299394,0.06005119473974955
39.540001,-101.150002,18.43,-3.251,1.858,-3.377,0.047128772641435196,-0.05997863766782042,0.05451938786073754
40.880001,-100.120003,16.700001,-3.527,2.122,-3.35,0.04872595407143878,-0.059367882002000286,0.04940172717274578
43.939999,-97.690002,15.14,-3.814,2.293,-3.343,0.052373246594907524,-0.057926971012088095,0.044786952371761606
41.470001,-93.470001,13.29,-4.183,2.349,-3.357,0.04942919067121648,-0.05542464865981725,0.039314306276136836
40.099998,-89.470001,11.17,-4.822,2.242,-3.381,0.04779624787222454,-0.053052779693652706,0.03304294966925873
39.650002,-86.629997,9.88,-5.245,2.177,-3.347,0.04725988574179477,-0.051368750355806916,0.029226888337714974
39.77,-84.43,8.98,-5.513,2.164,-3.349,0.04740291453077804,-0.050064224203318144,0.02656451996687049
41.810001,-83.559998,7.43,-5.884,2.405,-3.361,0.04983444566091888,-0.04954834151724286,0.021979329994860547
42.860001,-83.050003,6.55,-6.108,2.634,-3.333,0.05108596842323512,-0.049245931188893095,0.01937612536559039
40.119999,-80.949997,5.69,-6.314,2.551,-3.335,0.04782008759295701,-0.048000696423853254,0.016832084477894554
37.279999,-76.419998,2.48,-6.93,2.492,-3.392,0.04443501650250164,-0.04531455541263916,0.0073363039552159035
37.259998,-74.449997,1.38,-7.195,2.386,-3.388,0.04441117678176919,-0.04414640935383587,0.004082298168628204
36.630001,-71.709999,-0.68,-7.491,2.565,-3.356,0.04366026670015876,-0.04252168029794764,-0.0020115672135269415
39.349998,-69.190002,-2.95,-7.825,2.854,-3.302,0.046902303041998654,-0.04102740462816571,-0.008726651882212466
35.68,-67.209999,-5.49,-8.231,2.406,-3.297,0.042527935389946196,-0.03985332771101253,-0.016240447062151334
36.709999,-64.110001,-6.34,-8.552,2.465,-3.325,0.043755618431529975,-0.03801513044816949,-0.01875490607906001
35.380001,-60.450001,-8.32,-9.166,2.477,-3.322,0.04217035864978228,-0.03584487034412893,-0.02461211649491787
39.110001,-61.75,-6.16,-9.321,2.75,-3.273,0.046616244272105686,-0.03661572716516517,-0.018222432404891114
37.610001,-57.720001,-7.66,-9.62,2.906,-3.388,0.044828354611653916,-0.03422606977472163,-0.02265971302296525
37.369999,-55.099998,-8.75,-9.8,2.912,-3.449,0.04454228988212875,-0.032672493822982124,-0.02588413693876579
38.080002,-57.73,-7.52,-9.707,2.839,-3.334,0.045388561230521915,-0.0342319988541698,-0.022245566831944997
34.740002,-57.639999,-7.19,-9.699,2.458,-3.262,0.041407526919915956,-0.03417863120946386,-0.02126936509596869
33.970001,-54.029999,-9.33,-10.17,2.315,-3.307,0.04048974236895762,-0.03203801946750035,-0.02759988544442112
37.209999,-51.990002,-10.03,-10.63,2.704,-3.298,0.044351581651680565,-0.030828368073658158,-0.02967061639952238
35.450001,-49.130001,-11.47,-11.11,2.945,-3.245,0.04225379350060336,-0.02913248116988327,-0.033930405792873555
33.580002,-44.200001,-14.11,-11.692,2.614,-3.272,0.04002489224916659,-0.026209152669085467,-0.041740019680684026
35.310001,-41.779999,-13.96,-11.797,3.3,-3.256,0.042086923798961194,-0.02477417075862143,-0.04129629161887662
39.25,-38.360001,-14.92,-12.25,3.053,-3.389,0.046783112781821415,-0.022746223978485226,-0.044136151214444065
36.93,-38.470001,-15.77,-12.462,3.188,-3.465,0.04401784344032267,-0.022811450375054755,-0.04665061023135274
37.049999,-44.049999,-12.21,-11.614,3.429,-3.27,0.04416087342123237,-0.026120206396919813,-0.036119464231123465
39.09,-47.23,-11.63,-11.265,2.618,-3.149,0.04659240455137323,-0.028005842817987864,-0.03440371572546813
36.77,-51.560001,-9.78,-10.808,2.836,-3.163,0.04382713520987449,-0.03057339156682823,-0.028931069629843358
37.810001,-50.380001,-10.47,-10.989,2.819,-3.311,0.04506673989971415,-0.029873690221809687,-0.030972218714157465
40.970001,-47.799999,-9.9,-11.353,2.723,-3.223,0.04883322745106589,-0.028343833552699073,-0.029286052079289294
36.27,-44.23,-11.15,-11.808,3.276,-3.177,0.04323117198972389,-0.026226941093364455,-0.0329837859276844
34.700001,-42.259998,-13.83,-12.054,2.886,-3.335,0.04135984867037747,-0.025058794441593937,-0.04091172729864353
37.73,-44.150002,-14.16,-11.694,2.59,-3.366,0.04497138459256361,-0.026179504899975652,-0.04188792903461983
35.369999,-47.0,-13.84,-11.336,2.89,-3.247,0.04215843700152639,-0.027869460352433408,-0.04094130916943069
33.27,-45.099998,-15.36,-11.505,2.958,-3.251,0.03965539266882035,-0.026742821407570762,-0.04543775352907914
36.619999,-42.360001,-15.95,-11.737,2.915,-3.331,0.04364834505190286,-0.025118092944649773,-0.04718308390552164
35.689999,-39.34,-17.68,-12.173,3.083,-3.339,0.04253985346242276,-0.023327331282228303,-0.05230074755170047
34.82,-38.950001,-17.040001,-12.258,2.829,-3.231,0.04150287865128718,-0.0230960746509945,-0.05040751077950925
30.889999,-38.25,-17.17,-12.243,2.601,-3.262,0.03681860654897709,-0.022680996988948463,-0.05079207214155527
31.98,-37.200001,-20.059999,-12.516,2.672,-3.377,0.03811780756083182,-0.02205838197829751,-0.05934122984085769
35.689999,-37.919998,-19.379999,-12.389,3.174,-3.275,0.04253985346242276,-0.022485316613305405,-0.05732966262733075
36.380001,-37.459999,-19.059999,-12.404,3.109,-3.19,0.04336228509008346,-0.022212552275163725,-0.0563830427621416
36.900002,-38.689999,-20.43,-12.719,3.279,-3.205,0.04398208803096652,-0.022941901982259323,-0.06043576201816972
36.580002,-39.130001,-18.940001,-12.649,3.017,-3.253,0.04360067157007014,-0.023202808754471903,-0.05602806622906982
36.110001,-38.099998,-19.43,-12.765,2.98,-3.344,0.04304046495120214,-0.02259205071678281,-0.05747757493945363
34.110001,-38.509998,-20.200001,-12.699,3.025,-3.364,0.04065661207059977,-0.022835167285814677,-0.0597553819482521
35.709999,-40.07,-18.25,-12.163,2.659,-3.268,0.042563691991228794,-0.02376019736855333,-0.053986914186568646
36.509998,-44.939999,-16.51,-11.673,3.178,-2.959,0.0435172319515433,-0.026647947241891425,-0.048839668669602654
32.900002,-44.130001,-18.5,-12.053,3.288,-3.052,0.03921438226976179,-0.026167644962177588,-0.05472646095624767
40.43,-36.830002,-19.26,-12.157,3.705,-3.437,0.04818958598137681,-0.021838984691894534,-0.0569746831360719
39.360001,-36.66,-21.43,-12.675,3.64,-3.431,0.046914225882180985,-0.021738179074898053,-0.06339394909688581
34.849998,-40.060001,-20.07,-12.55,3.176,-3.218,0.04153863406064333,-0.023754268289105162,-0.05937081466983193
34.259998,-36.720001,-23.040001,-12.622,2.844,-3.255,0.04083539746086564,-0.021773757702357767,-0.06815663325180579
33.889999,-39.700001,-23.370001,-12.527,2.896,-3.222,0.04039438586988064,-0.023540800082150353,-0.0691328349877821
34.619999,-39.349998,-22.389999,-12.399,3.32,-3.268,0.0412644921713005,-0.02333325976870923,-0.06623380573426618
34.720001,-37.59,-23.73,-12.439,3.644,-3.259,0.041383687199183505,-0.022289638609531315,-0.07019777937793281
35.880001,-40.830002,-23.200001,-12.15,3.594,-3.195,0.04276632186993287,-0.024210853658059077,-0.06862994318440037
32.610001,-40.68,-23.75,-12.051,3.41,-3.291,0.038868722410148,-0.024121907385893423,-0.07025694311950714
33.73,-41.02,-24.18,-12.124,3.011,-3.275,0.040203678831358884,-0.024323516248017412,-0.07152896356335506
35.57,-44.200001,-22.16,-12.14,2.719,-3.18,0.042396823481513066,-0.026209152669085467,-0.06555342566434856
32.23,-38.59,-23.559999,-12.429,2.838,-3.272,0.038415789170907114,-0.022882605851072452,-0.069694884616364
34.779999,-37.860001,-22.33,-12.322,3.069,-3.248,0.04145520040174869,-0.02244974035771466,-0.06605631746773029
33.98,-38.419998,-22.290001,-12.494,3.054,-3.278,0.04050166044143418,-0.022781800234075972,-0.06593799294276873
30.639999,-38.419998,-23.540001,-12.553,3.022,-3.267,0.03652062493890179,-0.022781800234075972,-0.06963572679116384
33.5,-40.209999,-22.459999,-12.208,2.818,-3.215,0.03992953575008962,-0.02384321218940185,-0.0664408788297763
35.549999,-39.779999,-22.450001,-12.24,2.859,-3.289,0.0423729837607806,-0.02358823627553916,-0.0664113028753633
35.419998,-39.349998,-22.18,-12.246,3.088,-3.262,0.042218032131615006,-0.02333325976870923,-0.06561258940592288
36.560001,-38.93,-21.360001,-12.224,3.1,-3.248,0.04357683184933767,-0.023084214713196435,-0.06318687895956276
34.990002,-38.66,-21.98,-12.378,3.139,-3.283,0.041705508529991255,-0.022924113557980328,-0.06502095199017965
33.560001,-38.0,-22.91,-12.475,3.058,-3.308,0.040001052528434125,-0.02253275517856318,-0.06777206597338563
33.240002,-38.509998,-21.540001,-12.205,2.988,-3.292,0.039619637259464185,-0.022835167285814677,-0.06371935263373166
32.02,-40.919998,-22.049999,-12.352,2.95,-3.259,0.03816548461844387,-0.024264218337928814,-0.0652280221275027
33.009998,-40.389999,-22.93,-12.428,3.021,-3.257,0.03934548941048916,-0.023949946292879255,-0.06783122971495995
33.060001,-41.080002,-22.049999,-12.252,3.006,-3.283,0.039405089308283535,-0.024359095468444364,-0.0652280221275027
32.560001,-40.080002,-23.219999,-12.377,2.777,-3.325,0.038809126088132945,-0.023766128226903226,-0.06868910100960053
32.439999,-41.599998,-21.700001,-12.177,2.917,-3.253,0.03866609253144392,-0.024667436062176785,-0.06419266256632623
31.41,-40.369999,-21.200001,-12.187,2.849,-3.303,0.037438409489860144,-0.023938086948048432,-0.06271356902696819
31.02,-40.98,-21.18,-12.279,2.777,-3.316,0.036973558178142685,-0.024299797558355762,-0.06265440232720679
31.73,-41.130001,-21.18,-12.262,2.533,-3.317,0.037819825950756523,-0.02438874323755418,-0.06265440232720679
31.33,-43.32,-20.200001,-12.18,2.582,-3.276,0.037343055374636044,-0.025687340903562023,-0.0597553819482521
34.5,-44.150002,-20.059999,-12.146,2.758,-3.254,0.0411214621903908,-0.026179504899975652,-0.05934122984085769
35.5,-43.060001,-19.77,-11.998,2.828,-3.294,0.04231338863069198,-0.02553317001372857,-0.0584833585462171
34.310001,-43.450001,-20.48,-12.186,2.739,-3.292,0.040894997358660014,-0.025764427237929613,-0.060583671372105526
33.34,-44.16,-19.66,-12.238,2.495,-3.255,0.03973882751964143,-0.026185433386456576,-0.05815795796755833
31.200001,-40.990002,-19.41,-12.21,2.306,-3.323,0.037188106129323335,-0.024305728416705658,-0.057418411197879306
31.540001,-41.549999,-19.280001,-12.19,2.384,-3.289,0.03759336111902574,-0.02463778829306697,-0.05703384983583329
33.759998,-42.75,-18.27,-12.088,2.42,-3.249,0.04023943424071505,-0.025349349575883577,-0.05404607792814296
26.809999,-46.040001,-14.63,-11.585,1.889,-3.264,0.03195554667254827,-0.027300212393521154,-0.0432782769616164
34.119999,-40.009998,-21.0,-12.666,2.614,-3.466,0.04066852895114991,-0.023724618148126382,-0.062121928653037894
41.110001,-44.959999,-8.6,-11.302,2.964,-3.032,0.049000097152708054,-0.02665980658672225,-0.02544040887695837
41.029999,-34.889999,-12.84,-12.484,4.374,-3.191,0.048904740653631075,-0.020688626464403007,-0.0379831220907146
29.690001,-33.240002,-13.89,-12.571,2.913,-3.665,0.03538829720446855,-0.01971023229476185,-0.04108921852336649
40.279999,-42.77,-9.38,-12.017,0.899,-3.839,0.048010795823405186,-0.0253612089207144,-0.02774779479835693
3.65,-41.290001,9.87,-13.028,-4.508,-3.239,0.004350531507099316,-0.024483617996200756,0.029197306466927808
22.5,-46.82,-8.22,-12.954,2.364,-2.7,0.026818344906776606,-0.027762726248956003,-0.024316297787046262
39.009998,-31.450001,-15.88,-14.82,3.053,-4.119,0.04649704805229626,-0.01864882033943598,-0.046976010810011515
5.17,19.209999,-11.91,-21.299,-4.596,-5.41,0.006162259696357114,0.011390900117037986,-0.035232008107508636
92.220001,-22.040001,21.68,-15.235,10.971,-3.212,0.10991945751650149,-0.013068998596533885,0.06413349586656483
-15.24,-11.25,9.92,-17.141001,-5.247,-4.008,-0.018164958950190022,-0.006670881467337783,0.029345215820863614
25.99,-5.63,-19.92,-16.856001,2.031,-4.736,0.03097816818342773,-0.0033384055698765973,-0.058927086608024516
38.5,-40.470001,18.73,-10.309,5.198,-3.037,0.045889167951595526,-0.02399738485813703,0.05540684398435237
22.940001,-34.970001,-6.47,-12.99,2.596,-2.835,0.027342793732435568,-0.02073606502966078,-0.0191394703992931
26.33,-39.919998,3.17,-12.569,4.39,-3.247,0.031383423173130136,-0.023671251096387676,0.009377453039530005
28.35,-24.01,-10.65,-13.941,4.924,-4.037,0.03379111458253853,-0.014237143469402684,-0.03150469238832636
-10.13,-18.68,-7.37,-15.08,-2.158,-3.324,-0.01207421484025098,-0.011076628071988425,-0.021801838770137583
49.099998,-40.860001,19.280001,-11.231,6.931,-2.411,0.05852358583493518,-0.02422864208233807,0.05703384983583329
-11.18,-7.57,-2.04,-17.49,-3.782,-4.778,-0.01332573760256722,-0.004488762018466402,-0.006034701640580824
15.82,-47.810001,-4.67,-13.437,2.071,-3.728,0.01885627628556471,-0.02834976441104897,-0.01381473365760414
2.39,-62.549999,17.129999,-11.927,-0.382,-2.424,0.0028487041923198264,-0.03709010036543083,0.05067374170021955
25.1,-23.959999,-16.26,-17.017,0.507,-3.773,0.029917353651559685,-0.014207494514358383,-0.04810012189992363
48.720001,-29.91,-12.03,-15.635,3.661,-4.405,0.05807065736340006,-0.017735650194495387,-0.035586990556954565
24.26,-67.029999,31.889999,-11.421,0.803,-2.785,0.02891613544170669,-0.03974659360753512,0.09433658298206903
56.470001,-51.23,3.84,-13.719,4.576,-2.87,0.06730808727573423,-0.03037771178415241,0.011359438382269785
57.02,-34.900002,0.43,-13.451,3.612,-3.896,0.06796364562597343,-0.02069455791572014,0.0012720204438479187
47.18,-25.299999,-5.23,-14.089,1.588,-4.297,0.05623508945340979,-0.015002070618023507,-0.015471318421685152
33.900002,-40.009998,3.29,-12.861,1.153,-3.04,0.04040630871006297,-0.023724618148126382,0.009732435488975937
45.720001,-45.34,16.02,-12.058,5.169,-3.046,0.05449487804249651,-0.02688513473147512,0.04739015700103176
-23.950001,16.950001,27.620001,-20.812,-6.554,-5.664,-0.028546639437139764,0.010050795337089502,0.08170513007232548
68.690002,-26.450001,40.279999,-11.661,9.488,-3.404,0.08187342956814112,-0.0156839841317303,0.11915577257249702
39.34,-3.3,-11.25,-16.256001,4.646,-3.53,0.04689038616144853,-0.0019567918970857497,-0.033279604635556015
28.879999,-40.09,23.690001,-10.874,5.09,-3.214,0.03442283440397172,-0.023772056713384157,0.07007945485297125
35.900002,-13.22,-3.4,-15.218,5.847,-4.369,0.042790161590665336,-0.007839026933173822,-0.010057836067634706
23.360001,-20.25,-10.28,-14.088,2.432,-3.179,0.027843402837362065,-0.01200758664120801,-0.030410163169201403
56.130001,-36.529999,19.860001,-11.683,8.177,-2.703,0.06690283228603182,-0.021661092740530467,0.05874959834148863
-12.18,-40.32,33.259998,-12.535,-2.868,-3.967,-0.014517664042868403,-0.023908439178938614,0.09838929632172301
35.139999,-54.110001,8.89,-12.699,5.669,-3.472,0.04188429392025712,-0.03208545803275813,0.02629828312978604
-17.73,-52.240002,19.66,-13.921,-4.554,-2.905,-0.021132855786539968,-0.03097660988404344,0.05815795796755833
39.84,-37.029999,-4.82,-14.782,1.682,-3.678,0.04748634938159912,-0.021957576361301034,-0.014258461719411555
70.559998,-44.73,7.46,-13.422,5.229,-4.195,0.08410232724379856,-0.026523424714135026,0.022068075607222033
-0.72,-62.98,30.879999,-12.573,-4.587,-3.172,-0.0008581870370168514,-0.03734507687226076,0.09134881403256578
18.51,-67.599998,8.32,-12.41,-1.13,-2.688,0.02206255840997489,-0.04008458434224633,0.02461211649491787
37.75,-54.41,11.06,-11.96,0.787,-3.796,0.044995223121369644,-0.032263347612253225,0.03271754909059996
68.110001,-31.700001,4.3,-13.771,4.015,-4.496,0.08118211104083999,-0.018797062149821263,0.012720204438479186
50.5,-56.02,7.65,-11.613,2.928,-2.848,0.06019228523520972,-0.033218024871134455,0.02263013115217809
46.84,-57.970001,6.55,-12.547,4.679,-2.804,0.055829834463707394,-0.03437431158510691,0.01937612536559039
42.66,-52.470001,20.15,-10.677,2.658,-3.857,0.05084758194324845,-0.031112991756630664,0.05960746963612921
33.380001,-23.709999,3.59,-13.587,-1.648,-4.471,0.039786505769179914,-0.0140592527039731,0.010619891612590762
30.58,-56.259998,9.84,-10.359,2.46,-3.007,0.03644911054441016,-0.03336033582316985,0.029108560854566326
20.24,-65.370003,11.62,-10.081,-0.353,-3.204,0.024124591151695934,-0.0387622703584458,0.034374133854680966
95.480003,-44.279999,45.0,-12.249,11.53,-4.016,0.11380514009573622,-0.02625658886247427,0.13311841854222406
69.099998,-42.52,19.809999,-11.91,9.83,-3.428,0.08236211464095883,-0.025212967110329117,0.05860168307117867
17.91,-41.43,4.44,-12.19,-0.943,-3.304,0.02134740254579418,-0.024566632817049277,0.013134350629499442
53.23,-57.689999,22.120001,-10.076,3.878,-3.53,0.06344624441723194,-0.03420827957154091,0.06543510113938698
18.33,-58.139999,8.61,-11.005,1.536,-3.789,0.021848011650720676,-0.034475114830234424,0.025469990747745534
32.07,-67.099998,12.34,-9.611,0.756,-3.241,0.03822508094045893,-0.03978810072147576,0.03650402855135655
35.619999,-74.510002,16.950001,-7.981,0.747,-2.995,0.04245641861160168,-0.04418199035316455,0.050141273942424805
26.59,-69.519997,15.42,-8.476,3.022,-3.291,0.03169332404760845,-0.04122308085303807,0.04561524475380211
31.219999,-58.880001,15.52,-9.627,2.247,-3.46,0.03721194227427648,-0.034913911774909344,0.045911063461673715
53.040001,-62.259998,20.17,-9.205,3.114,-3.534,0.06321977958550117,-0.03691813927241666,0.05966663337770354
40.52,-69.360001,17.049999,-8.571,3.398,-3.477,0.04829685936100392,-0.04112820846626045,0.050437086733922255
24.98,-72.760002,16.629999,-7.93,1.237,-3.167,0.029774322478723542,-0.04314429768046756,0.049194648160861505
34.759998,-78.480003,22.41,-7.354,1.899,-3.068,0.04143136068101623,-0.046536070895050095,0.06629297243402758
34.450001,-74.800003,21.68,-7.76,1.175,-3.496,0.04106186706030218,-0.04435395144617872,0.06413349586656483
37.150002,-70.360001,20.16,-7.656,2.144,-3.454,0.044280069641041815,-0.04172117570780159,0.05963705150691637
37.919998,-75.059998,20.82,-7.46,2.19,-3.272,0.045197848232367964,-0.0445081199641432,0.061589454978868995
33.709999,-80.410004,23.370001,-6.921,2.496,-3.415,0.04017983911062643,-0.04768049826419173,0.0691328349877821
35.130001,-78.589996,23.83,-6.562,1.145,-3.582,0.04187237703970698,-0.04660129314084893,0.07049359808580442
36.98,-86.260002,26.389999,-5.757,0.801,-3.301,0.04407743976233773,-0.0511493554412729,0.07806655404913054
31.969999,-84.690002,21.33,-6.431,1.352,-3.214,0.03810588710450237,-0.05021839687205332,0.0630981303890142
33.23,-81.260002,19.940001,-6.752,1.663,-3.288,0.039607715611208294,-0.048184519233567216,0.05898625330778591
40.52,-83.760002,20.610001,-6.71,2.475,-3.35,0.04829685936100392,-0.04966693733742006,0.0609682386505257
42.900002,-79.610001,18.799999,-7.07,2.345,-3.415,0.05113364667277361,-0.0472061226920571,0.05561391412167541
34.119999,-77.849998,18.66,-6.983,2.092,-3.348,0.04066852895114991,-0.04616249856804298,0.05519977088884224
26.450001,-78.580002,13.86,-7.708,1.24,-3.338,0.03152645553789272,-0.04659536702623697,0.041000472911005004
31.59,-79.400002,15.47,-7.404,1.295,-3.392,0.037652956249114355,-0.047081600164300706,0.045763154107737916
34.25,-78.0,16.629999,-7.193,1.749,-3.438,0.0408234805803155,-0.04625144484020863,0.049194648160861505
37.029999,-81.419998,15.59,-7.125,1.893,-3.293,0.04413703489242635,-0.048279391620344836,0.046118136557183845
39.860001,-82.110001,17.049999,-6.53,2.13,-3.285,0.047510189102331575,-0.04868854079590994,0.050437086733922255
35.23,-78.809998,16.66,-6.836,2.161,-3.417,0.041991568491810655,-0.046731747119922465,0.04928339673141006
33.52,-76.589996,15.09,-7.529,1.88,-3.454,0.03995337427889564,-0.045415358657766663,0.0446390430178258
36.09,-76.620003,15.33,-7.326,1.503,-3.391,0.04301662523046968,-0.045433151825783585,0.045349007916717664
33.77,-79.120003,15.49,-6.809,1.435,-3.317,0.04025135588897094,-0.04691556992963643,0.04582231784931223
35.619999,-81.379997,16.33,-6.635,2.235,-3.32,0.04245641861160168,-0.04825567233771595,0.04830719499543375
38.93,-79.0,17.879999,-6.698,2.088,-3.43,0.046401696320925036,-0.04684441208174977,0.05289238200925662
39.009998,-75.43,15.61,-7.203,2.146,-3.453,0.04649704805229626,-0.04472751902944792,0.04617730029875816
34.790001,-74.949997,13.18,-7.422,2.097,-3.415,0.04146712205000458,-0.044442892974606435,0.038988905697478066
35.509998,-77.300003,14.9,-6.888,1.913,-3.43,0.04232530551124212,-0.045836369550031564,0.04407698747286974
35.16,-78.540001,14.27,-6.858,1.809,-3.425,0.041908133640989574,-0.046571647743608086,0.0422133296132786
32.68,-80.900002,16.219999,-6.697,1.987,-3.31,0.03895215606904265,-0.04797105102661241,0.04798179145858791
36.220001,-78.480003,15.72,-6.94,2.23,-3.353,0.043171576859635276,-0.046536070895050095,0.04650270087741694
35.84,-77.089996,14.36,-7.144,1.983,-3.402,0.04271864362039439,-0.04571184227853723,0.04247956645036305
34.139999,-77.330002,14.05,-7.242,1.911,-3.419,0.040692367479955936,-0.04585415797431055,0.04156252845596107
35.869999,-78.010002,14.7,-7.116,1.578,-3.438,0.04275440022167698,-0.04625737569855853,0.043485350057126525
37.34,-80.510002,14.39,-6.768,1.865,-3.373,0.04450653328084616,-0.04773979380241137,0.04256831206272454
33.330002,-81.889999,13.89,-6.586,2.08,-3.315,0.0397269106390913,-0.04855808681683641,0.04108921852336649
34.07,-79.099998,13.85,-6.943,1.929,-3.388,0.04060893382106129,-0.0469037076199694,0.040970891040217845
38.34,-77.949997,13.88,-7.239,1.852,-3.437,0.04569845972114734,-0.046221794699229844,0.041059636652579334
35.91,-79.93,13.64,-7.049,1.663,-3.39,0.04280207847121546,-0.04739587161638303,0.04034967175368747
35.0,-79.5,13.08,-6.893,1.614,-3.373,0.04171742541054139,-0.047140895702520336,0.03869308698960646
35.150002,-80.580002,15.0,-6.709,1.479,-3.346,0.04189621676043945,-0.047781301509319245,0.04437280618074135
37.529999,-81.949997,17.030001,-6.538,1.876,-3.323,0.04473299811257694,-0.048593663665394395,0.050377928908722086
37.529999,-79.260002,14.44,-6.669,2.103,-3.383,0.04473299811257694,-0.04699858475048495,0.04271622141666034
36.709999,-79.139999,12.61,-6.594,1.977,-3.429,0.043755618431529975,-0.04692742690259829,0.03730273906260989
34.669998,-83.080002,13.27,-6.202,2.082,-3.355,0.04132408730138912,-0.04926371961317208,0.03925514253456251
33.02,-84.169998,12.74,-5.981,1.789,-3.325,0.03935741105874505,-0.049910051534582965,0.037687303382842985
35.950001,-84.809998,13.58,-5.84,1.618,-3.359,0.04284975672075395,-0.05028955056916928,0.040172180528964506
37.130001,-84.529999,12.74,-6.024,1.743,-3.368,0.04425622992030935,-0.05012352033450501,0.037687303382842985
36.669998,-84.919998,12.01,-5.899,2.184,-3.286,0.043707940181991485,-0.05035477696573881,0.03552782681538024
40.450001,-88.209999,12.59,-5.666,2.716,-3.264,0.04821342570210928,-0.052305639783376386,0.037243575321035574
39.419998,-89.260002,11.74,-5.622,2.297,-3.316,0.046985737892819734,-0.05292825716589631,0.034729116304126895
37.419998,-87.260002,10.58,-5.568,2.268,-3.322,0.044601885012217374,-0.051742322682814035,0.031297619292816235
35.669998,-87.720001,11.29,-5.433,2.078,-3.276,0.0425160137416903,-0.05201508702095572,0.033397932118704655
36.93,-86.860001,11.16,-5.6,2.139,-3.307,0.04401784344032267,-0.051505135193230335,0.03301336779847157
36.110001,-86.830002,12.08,-5.473,2.165,-3.327,0.04304046495120214,-0.05148734676895134,0.03573489991089037
34.669998,-83.470001,6.1,-6.087,1.966,-3.396,0.04132408730138912,-0.04949497624440589,0.01804494118016815
41.16,-86.400002,8.87,-5.636,1.788,-3.142,0.04905969228279667,-0.05123237085508866,0.026239119388211718
40.529999,-78.550003,3.27,-6.955,1.852,-3.272,0.048308777433480485,-0.046577578601957985,0.009673271747401615
36.360001,-76.889999,2.73,-7.093,2.493,-3.482,0.04333844656127744,-0.04559325060913073,0.008075850724894926
39.439999,-76.040001,0.26,-6.968,2.769,-3.428,0.0470095776135522,-0.04508922963975525,0.0007691286404661835
38.599998,-71.040001,-5.13,-7.682,1.654,-3.411,0.046008358211772765,-0.042124393432049566,-0.015175499713813542
37.759998,-73.300003,0.6,-7.07,1.7,-3.386,0.04500714000191978,-0.04346450058386702,0.0017749122472296539
33.389999,-69.839996,-1.21,-7.636,1.952,-3.476,0.03979842264973005,-0.04141282977736399,-0.0035794063652464687
31.700001,-72.68,-0.82,-8.021,1.574,-3.356,0.037784069349473925,-0.04309685911520979,-0.002425713404547194
36.790001,-78.440002,2.7,-7.409,2.155,-3.255,0.04385097493060694,-0.04651235161242122,0.007987105112533444
33.34,-75.440002,-2.08,-7.539,1.99,-3.282,0.03973882751964143,-0.04473344988779781,-0.006153029123729468
35.450001,-77.82,2.23,-6.904,2.004,-3.215,0.04225379350060336,-0.04614471073673122,0.006596757185536881
42.470001,-75.559998,3.35,-7.283,2.406,-3.379,0.05062111711151767,-0.04480460358491377,0.009909926713698902
38.369999,-71.910004,-1.91,-8.227,1.985,-3.472,0.04573421632242993,-0.04264027671109208,-0.005650137320347731
36.139999,-75.510002,-0.5,-7.694,1.811,-3.314,0.043076220360558304,-0.044774957594705685,-0.001479093539358045
38.529999,-77.620003,-0.12,-7.281,2.056,-3.275,0.04592492455287812,-0.04602611906732472,-0.0003549824494459308
36.900002,-77.449997,-0.41,-7.237,2.46,-3.299,0.04398208803096652,-0.04592531107845928,-0.001212856702273597
36.68,-75.379997,1.58,-7.214,2.577,-3.347,0.04371986183024738,-0.04469786888846913,0.0046739355843714225
39.200001,-71.940002,0.68,-7.522,2.539,-3.363,0.0467235176517328,-0.04265806454240383,0.0020115672135269415
35.830002,-71.459999,-1.5,-7.718,2.248,-3.364,0.04270672673984425,-0.04237343848756236,-0.004437280618074135
36.470001,-73.019997,-0.2,-7.326,2.288,-3.415,0.043469558469710574,-0.04329846619843205,-0.0005916374157432181
37.540001,-71.610001,-1.07,-7.454,1.888,-3.434,0.04474491976083283,-0.04246238475972801,-0.0031652601742262164
36.759998,-74.980003,1.95,-7.143,2.069,-3.288,0.04381521356161859,-0.04446068554965612,0.005768464803496375
38.970001,-73.639999,0.95,-7.286,2.679,-3.351,0.04644937457046353,-0.04366610707412204,0.0028102777247802856
38.869999,-72.07,-0.85,-7.479,2.4,-3.395,0.04633017954258053,-0.04273514909786969,-0.0025144590169086764
38.630001,-73.989998,-0.74,-7.577,2.406,-3.351,0.04604411958076112,-0.04387364501569419,-0.0021890584382499067
37.18,-74.93,-0.28,-7.514,2.213,-3.35,0.04431582505039797,-0.04443103540867735,-0.0008282923820405052
38.799999,-74.650002,-0.98,-7.358,1.785,-3.376,0.04624674469175944,-0.04426500576698031,-0.002899023337141768
38.849998,-77.949997,0.91,-7.077,1.916,-3.306,0.046306339821848064,-0.046221794699229844,0.002691950241631642
37.080002,-74.260002,0.33,-7.468,2.353,-3.346,0.04419663479022073,-0.044033748542779264,0.0009762017359763097
37.029999,-73.760002,1.62,-7.469,2.313,-3.368,0.04413703489242635,-0.043737264922008696,0.0047922630675200665
35.77,-73.839996,0.97,-7.414,2.222,-3.469,0.0426352087695733,-0.043784698743528534,0.002869441466354607
31.809999,-73.910004,-1.46,-7.405,1.955,-3.443,0.03791517887405418,-0.04382621119417435,-0.004318953134925491
33.59,-76.940002,0.46,-7.083,1.909,-3.311,0.04003680912971672,-0.04562290075010951,0.0013607660562094015
35.700001,-77.449997,0.94,-7.256,1.939,-3.352,0.04255177511067866,-0.04592531107845928,0.0027806958539931246
36.200001,-74.389999,-1.37,-7.608,2.08,-3.395,0.04314773833082925,-0.04411083250527789,-0.004052716297841044
38.799999,-73.690002,0.05,-7.374,2.185,-3.371,0.04624674469175944,-0.04369575721510082,0.00014790935393580452
38.689999,-74.760002,-0.83,-7.48,2.074,-3.376,0.04611563278332631,-0.04433023216354983,-0.0024552952753343544
35.73,-76.07,-0.91,-7.324,2.13,-3.353,0.04258753171196125,-0.045107018064034235,-0.002691950241631642
35.860001,-75.410004,-0.4,-7.265,2.133,-3.37,0.04274248334112684,-0.044715662056486055,-0.0011832748314864361
37.66,-74.519997,-0.53,-7.361,2.065,-3.352,0.04488794974174253,-0.04418791706074376,-0.001567839151719528
37.580002,-73.599998,-0.91,-7.362,2.304,-3.359,0.044792598010371325,-0.04364238779149315,-0.002691950241631642
38.900002,-72.879997,-0.52,-7.313,2.597,-3.434,0.046365940911568884,-0.04321545078461629,-0.001538257280932367
38.5,-74.099998,-0.67,-7.377,2.364,-3.411,0.045889167951595526,-0.043938871412263714,-0.0019819853427397805
35.119999,-75.269997,-1.33,-7.286,2.079,-3.34,0.04186045539145109,-0.044632642491899605,-0.0039343888146924
34.439999,-74.440002,-1.53,-7.199,2.01,-3.362,0.04104994541204629,-0.044140482646256675,-0.0045260262304356175
37.549999,-74.099998,-1.37,-7.399,2.299,-3.37,0.04475683664138296,-0.043938871412263714,-0.004052716297841044
38.470001,-74.760002,-0.02,-7.412,2.496,-3.343,0.045853411350312935,-0.04433023216354983,-5.91637415743218e-05
36.07,-74.059998,-0.36,-7.245,2.433,-3.332,0.042992786701663656,-0.04391515272260207,-0.0010649473483377923
37.580002,-76.260002,-1.16,-7.186,2.198,-3.326,0.044792598010371325,-0.04521968302586154,-0.003431497011310664
37.150002,-78.129997,-0.81,-7.144,2.13,-3.358,0.044280069641041815,-0.046328528802707256,-0.0023961315337600333
35.119999,-74.639999,-1.15,-7.195,1.979,-3.391,0.04186045539145109,-0.04425907431566317,-0.003401915140523503
35.279999,-75.940002,-1.44,-7.276,1.936,-3.339,0.04205116362189928,-0.045029933508568376,-0.004259789393351169
36.419998,-75.68,-2.19,-7.279,2.214,-3.395,0.043409958571916187,-0.0448757608398332,-0.006478429702388237
35.0,-75.540001,-2.65,-7.058,2.347,-3.364,0.04171742541054139,-0.044792746018984676,-0.007839195758597638
34.060001,-75.400002,-3.38,-7.059,2.19,-3.362,0.040597015748584715,-0.04470973119813616,-0.009998672326060384
34.380001,-73.25,-4.85,-7.219,2.046,-3.431,0.040978432209481094,-0.04343485044288823,-0.014347207331773035
34.639999,-73.639999,-4.8,-7.12,2.043,-3.35,0.041288330700106526,-0.04366610707412204,-0.014199297977837231
36.43,-75.339996,-3.62,-7.15,1.91,-3.295,0.04342188022017208,-0.04467414960584024,-0.010708637224952246
36.419998,-73.699997,-4.64,-7.434,2.082,-3.437,0.043409958571916187,-0.04370168392268002,-0.013725988045242657
37.990002,-71.720001,-3.85,-7.313,2.354,-3.504,0.0452812878508948,-0.04252761115629754,-0.011389020253056947
37.349998,-73.139999,-4.66,-7.401,2.21,-3.389,0.044518450161396286,-0.04336962345335147,-0.01378515178681698
36.200001,-74.07,-5.28,-7.401,2.042,-3.322,0.04314773833082925,-0.04392108358095196,-0.015619227775620956
36.049999,-72.379997,-5.14,-7.277,2.185,-3.377,0.04296894698093119,-0.042918967163845724,-0.015205081584600702
37.580002,-71.550003,-4.93,-7.38,2.222,-3.43,0.044792598010371325,-0.042426807911170025,-0.014583862298070323
38.200001,-71.540001,-5.98,-7.619,2.459,-3.438,0.04553159121143161,-0.04242087705282013,-0.01768995873072222
36.790001,-72.800003,-4.58,-7.386,2.341,-3.365,0.04385097493060694,-0.043168016963096446,-0.013548496820519692
36.02,-73.18,-3.8,-7.323,2.124,-3.35,0.0429331903796486,-0.04339334273598036,-0.011241110899121142
36.389999,-73.370003,-4.67,-7.44,2.298,-3.41,0.043374201970633595,-0.043506008290774896,-0.01381473365760414
34.82,-72.519997,-4.88,-7.47,2.106,-3.424,0.04150287865128718,-0.04300198257766148,-0.014435952944134519
36.580002,-72.489998,-3.83,-7.387,2.201,-3.342,0.04360067157007014,-0.042984194153382484,-0.011329856511482625
37.43,-73.099998,-3.2,-7.407,2.366,-3.32,0.044613806660473265,-0.04334590417072258,-0.009466198651891489
36.59,-71.970001,-4.0,-7.552,2.301,-3.399,0.04361258845062027,-0.04267585296668282,-0.01183274831486436
35.880001,-71.809998,-4.12,-7.522,2.161,-3.392,0.04276632186993287,-0.04258097642913451,-0.012187730764310291
33.41,-73.669998,-4.18,-7.474,2.061,-3.313,0.039822262370462505,-0.04368389549840103,-0.012365221989033255
34.32,-74.389999,-3.32,-7.277,2.072,-3.312,0.04090691543113659,-0.04411083250527789,-0.009821181101337418
36.709999,-73.660004,-3.42,-7.381,2.182,-3.392,0.043755618431529975,-0.04367796938378907,-0.010116999809209028
36.419998,-72.43,-4.72,-7.648,2.255,-3.387,0.043409958571916187,-0.04294861730482451,-0.013962643011539945
34.970001,-72.019997,-3.96,-7.452,2.083,-3.322,0.0416816688092588,-0.042705498956890915,-0.011714420831715717
36.099998,-71.459999,-4.2,-7.492,2.16,-3.396,0.04302854211101981,-0.04237343848756236,-0.01242438573060758
34.93,-72.599998,-4.1,-7.493,2.107,-3.405,0.04163399055972031,-0.04304942054995201,-0.012128567022735967
34.209999,-73.389999,-3.38,-7.373,2.057,-3.338,0.04077580233077702,-0.04351786526373675,-0.009998672326060384
35.080002,-73.629997,-3.43,-7.411,2.032,-3.333,0.04181278190961837,-0.043660176215772145,-0.01014658167999619
34.919998,-72.669998,-4.57,-7.593,2.137,-3.384,0.041622068911464416,-0.043090928256859895,-0.013518914949732532
35.470001,-72.199997,-4.23,-7.547,2.262,-3.402,0.04227763202940939,-0.04281223306036831,-0.012513131342969061
35.419998,-72.889999,-3.71,-7.479,2.194,-3.366,0.042218032131615006,-0.04322138164296618,-0.010974874062036694
35.279999,-72.860001,-4.04,-7.445,2.172,-3.358,0.04205116362189928,-0.04320359381165443,-0.011951075798013003
36.080002,-73.43,-4.95,-7.433,2.268,-3.394,0.04300470834991955,-0.04354158454636564,-0.014643026039644647
36.259998,-73.870003,-4.54,-7.433,2.189,-3.365,0.043219250341468,-0.04380249191154546,-0.013430169337371048
35.700001,-73.059998,-4.64,-7.592,2.149,-3.364,0.04255177511067866,-0.04332218548106093,-0.013725988045242657
36.43,-72.459999,-3.97,-7.429,2.264,-3.378,0.04342188022017208,-0.04296640572910349,-0.011744002702502879
37.080002,-72.260002,-4.92,-7.479,2.123,-3.381,0.04419663479022073,-0.04284781405969699,-0.014554280427283163
36.470001,-74.360001,-3.54,-7.365,2.058,-3.341,0.043469558469710574,-0.04409304467396614,-0.010471982258654958
37.279999,-73.879997,-4.23,-7.532,2.146,-3.373,0.04443501650250164,-0.043808418026157425,-0.012513131342969061
38.110001,-73.309998,-4.95,-7.596,2.316,-3.404,0.045424317831804506,-0.04347042729144621,-0.014643026039644647
37.400002,-74.199997,-4.41,-7.459,2.226,-3.379,0.04457805125111711,-0.04399816754345059,-0.013045605017137958
36.639999,-74.0,-4.58,-7.473,2.173,-3.36,0.043672183580708894,-0.043879575874044084,-0.013548496820519692
35.93,-73.580002,-3.4,-7.336,2.103,-3.38,0.04282591700002149,-0.043630530818531285,-0.010057836067634706
35.84,-73.769997,-3.82,-7.475,2.067,-3.41,0.04271864362039439,-0.0437431916295879,-0.011300274640695463
37.16,-74.970001,-3.46,-7.521,2.21,-3.334,0.04429198652159194,-0.04445475469130623,-0.010235327292357672
36.639999,-75.739998,-3.05,-7.421,2.219,-3.299,0.043672183580708894,-0.04491133768839118,-0.009022470590084075
37.880001,-75.419998,-4.21,-7.528,2.301,-3.363,0.04515017475053523,-0.04472158817109802,-0.01245396760139474
37.220001,-75.489998,-3.85,-7.417,2.233,-3.35,0.044363503299936456,-0.04476309587800589,-0.011389020253056947
37.23,-76.349998,-3.45,-7.345,2.286,-3.305,0.04437542137241302,-0.045273047705731276,-0.010205745421570512
38.389999,-75.209999,-3.84,-7.412,2.206,-3.324,0.04575805485123596,-0.044597065643341614,-0.011359438382269785
37.099998,-73.339996,-4.06,-7.488,2.094,-3.37,0.044220468551320995,-0.04348821512275797,-0.012010239539587325
37.540001,-74.32,-2.94,-7.419,2.299,-3.353,0.04474491976083283,-0.04406932539133725,-0.008697070011425305
36.0,-73.550003,-3.28,-7.473,2.241,-3.359,0.042909351850842575,-0.0436127423942523,-0.009702853618188775
36.150002,-73.5,-3.75,-7.442,2.359,-3.368,0.04308814320074063,-0.04358309225327352,-0.011093201545185338
34.91,-73.419998,-3.73,-7.381,2.32,-3.373,0.04161015203091428,-0.04353565368801575,-0.011034037803611016
35.0,-72.730003,-4.67,-7.549,2.26,-3.376,0.04171742541054139,-0.043126509256188564,-0.01381473365760414
34.970001,-72.57,-4.8,-7.522,2.298,-3.364,0.0416816688092588,-0.04303163271864026,-0.014199297977837231
34.139999,-73.18,-4.92,-7.443,2.248,-3.359,0.040692367479955936,-0.04339334273598036,-0.014554280427283163
34.07,-73.190002,-5.06,-7.474,2.201,-3.371,0.04060893382106129,-0.043399273594330254,-0.014968426618303415
33.709999,-74.470001,-4.21,-7.432,2.223,-3.363,0.04017983911062643,-0.04415827107053566,-0.01245396760139474
33.59,-73.449997,-5.58,-7.66,2.124,-3.399,0.04003680912971672,-0.043553442112294734,-0.016506683899235784
34.66,-73.75,-4.82,-7.522,2.221,-3.386,0.041312170420838984,-0.043731334063658804,-0.014258461719411555
34.810001,-74.389999,-4.2,-7.394,2.186,-3.374,0.041490960578810604,-0.04411083250527789,-0.01242438573060758
35.07,-73.440002,-5.05,-7.486,2.228,-3.39,0.041800860261362476,-0.043547515404715534,-0.014938844747516253
34.84,-73.82,-3.9,-7.37,2.201,-3.392,0.0415267171800932,-0.04377284177056668,-0.01153692960699275
34.09,-73.57,-4.41,-7.471,2.04,-3.414,0.04063277234986732,-0.04362459996018139,-0.013045605017137958
35.189999,-74.230003,-5.16,-7.52,2.094,-3.381,0.04194389024227217,-0.04401596011850027,-0.015264245326175025
35.200001,-75.32,-3.99,-7.373,2.115,-3.341,0.041955811890528064,-0.04466229263287838,-0.0118031664440772
37.049999,-76.32,-4.58,-7.511,2.071,-3.347,0.04416087342123237,-0.045255259874419515,-0.013548496820519692
37.470001,-76.620003,-5.33,-7.584,2.258,-3.355,0.044661484910011755,-0.045433151825783585,-0.01576713712955676
36.279999,-78.279999,-3.8,-7.392,2.176,-3.311,0.04324309006220046,-0.04641747507487291,-0.011241110899121142
37.68,-77.82,-3.14,-7.344,2.306,-3.321,0.04491178827054856,-0.04614471073673122,-0.009288707427168523
36.759998,-77.120003,-3.52,-7.44,2.145,-3.34,0.04381521356161859,-0.04572963544655415,-0.010412818517080638
37.959999,-77.550003,-2.8,-7.352,2.364,-3.296,0.04524552648190645,-0.045984611360416844,-0.008282923820405052
37.150002,-76.82,-3.77,-7.435,2.218,-3.316,0.044280069641041815,-0.04555174349519009,-0.01115236528675966
38.540001,-75.849998,-4.54,-7.481,2.372,-3.36,0.045936846201134016,-0.0449765640849607,-0.013430169337371048
36.09,-75.150002,-3.99,-7.374,2.221,-3.372,0.04301662523046968,-0.044561489387750876,-0.0118031664440772
36.720001,-74.25,-4.68,-7.501,2.404,-3.38,0.043767540079785866,-0.04402781768442937,-0.0138443155283913
36.25,-74.830002,-4.56,-7.491,2.295,-3.358,0.04320733346091787,-0.044371739870457706,-0.01348933307894537
37.09,-74.300003,-5.01,-7.48,2.351,-3.353,0.04420855167077087,-0.044057467825408154,-0.014820517264367611
37.509998,-74.769997,-5.03,-7.459,2.262,-3.34,0.04470915839184448,-0.04433615887112904,-0.014879681005941933
37.630001,-75.599998,-4.67,-7.474,2.229,-3.347,0.04485219314045994,-0.04482832227457542,-0.01381473365760414
37.330002,-75.300003,-4.66,-7.495,2.269,-3.36,0.044494616400296026,-0.04465043506694929,-0.01378515178681698
36.689999,-75.5,-4.73,-7.502,2.176,-3.357,0.04373177990272395,-0.04476902673635579,-0.013992224882327106
37.580002,-75.93,-4.89,-7.484,2.234,-3.349,0.044792598010371325,-0.045024002650218484,-0.014465534814921679
37.189999,-75.800003,-4.66,-7.452,2.119,-3.33,0.04432774312287454,-0.044946918687719856,-0.01378515178681698
38.18,-75.300003,-5.07,-7.507,2.212,-3.346,0.04550775149069915,-0.04465043506694929,-0.014998008489090577
37.900002,-75.449997,-4.98,-7.502,2.113,-3.347,0.045174014471267704,-0.04473937659537701,-0.014731771652006129
35.880001,-73.860001,-4.92,-7.494,2.033,-3.353,0.04276632186993287,-0.043796561053195564,-0.014554280427283163
35.360001,-73.199997,-5.4,-7.58,2.054,-3.363,0.04214652012097625,-0.04340520030190945,-0.015974210225066888
36.43,-73.769997,-5.14,-7.587,2.055,-3.367,0.04342188022017208,-0.0437431916295879,-0.015205081584600702
37.700001,-74.290001,-4.28,-7.457,2.196,-3.35,0.04493562799128102,-0.04405153696705826,-0.012661040696904866
38.580002,-76.120003,-4.18,-7.425,2.097,-3.318,0.045984524450672505,-0.04513666820501302,-0.012365221989033255
38.77,-76.639999,-4.39,-7.445,2.152,-3.323,0.04621098809047685,-0.04544500879874545,-0.012986441275563634
38.139999,-77.260002,-3.76,-7.37,2.16,-3.313,0.045460073241160665,-0.04581265026740267,-0.011122783415972498
38.419998,-75.75,-4.48,-7.485,2.13,-3.322,0.045793811452518554,-0.04491726854674107,-0.013252678112648084
38.709999,-75.040001,-4.3,-7.463,2.167,-3.313,0.04613947131213234,-0.04449626239821411,-0.012720204438479186
38.02,-75.599998,-3.95,-7.415,2.172,-3.302,0.04531704326025097,-0.04482832227457542,-0.011684838960928557
38.290001,-76.769997,-3.9,-7.391,2.194,-3.289,0.04563886459105872,-0.04552209335421131,-0.01153692960699275
39.779999,-76.18,-4.82,-7.487,2.349,-3.317,0.047414832603254596,-0.045172244460603764,-0.014258461719411555
39.389999,-76.599998,-4.44,-7.411,2.307,-3.311,0.04694998129153714,-0.045421289516116556,-0.013134350629499442
39.459999,-76.639999,-4.77,-7.43,2.409,-3.324,0.04703341614235823,-0.04544500879874545,-0.014110552365475749
37.060001,-74.800003,-4.95,-7.493,2.24,-3.377,0.04417279506948826,-0.04435395144617872,-0.014643026039644647
36.490002,-75.620003,-4.03,-7.375,2.331,-3.355,0.04349339819044303,-0.04484018458424245,-0.011921493927225843
35.880001,-74.910004,-4.12,-7.395,2.351,-3.353,0.04276632186993287,-0.04441917843571549,-0.012187730764310291
35.959999,-73.82,-4.42,-7.468,2.275,-3.372,0.042861673601304086,-0.04377284177056668,-0.013075186887925118
35.59,-73.489998,-4.76,-7.508,2.133,-3.383,0.04242066201031909,-0.043577161394923625,-0.014080970494688589
35.709999,-73.760002,-4.7,-7.481,2.179,-3.375,0.042563691991228794,-0.043737264922008696,-0.013903479269965624
35.25,-74.150002,-4.32,-7.407,2.098,-3.371,0.04201540702061669,-0.04396852214620974,-0.01277936818005351
36.23,-72.760002,-5.3,-7.575,2.126,-3.411,0.04318349493211184,-0.04314429768046756,-0.015678391517195276
36.099998,-72.760002,-4.48,-7.464,2.131,-3.404,0.04302854211101981,-0.04314429768046756,-0.013252678112648084
35.560001,-72.589996,-4.63,-7.507,2.07,-3.414,0.04238490540903649,-0.04304348969160212,-0.013696406174455496
34.849998,-72.400002,-4.52,-7.47,2.028,-3.414,0.04153863406064333,-0.042930829473512754,-0.013371005595796726
34.610001,-72.980003,-4.21,-7.395,2.115,-3.392,0.04125257529075037,-0.04327475106657385,-0.01245396760139474
34.02,-73.620003,-3.94,-7.356,1.994,-3.383,0.04054933749904623,-0.043654250101160176,-0.011655257090141395
34.27,-73.589996,-4.63,-7.45,2.054,-3.392,0.04084731910912153,-0.043636456933143254,-0.013696406174455496
34.41,-74.410004,-3.95,-7.383,2.16,-3.367,0.041014188810763685,-0.04412269481494492,-0.011684838960928557
35.02,-73.040001,-4.45,-7.45,2.215,-3.385,0.04174126393934742,-0.04331032791513184,-0.013163932500286602
35.810001,-73.57,-4.16,-7.392,2.245,-3.373,0.042682887019111784,-0.04362459996018139,-0.012306058247458935
35.560001,-73.480003,-4.72,-7.479,2.159,-3.387,0.04238490540903649,-0.04357123468734442,-0.013962643011539945
35.419998,-74.019997,-4.36,-7.426,2.184,-3.37,0.042218032131615006,-0.04389143343997318,-0.012897695663202154
35.799999,-73.779999,-4.75,-7.475,2.263,-3.357,0.04267096537085589,-0.043749122487937796,-0.014051388623901429
36.990002,-75.199997,-4.53,-7.422,2.276,-3.321,0.04408936141059362,-0.04459113478499172,-0.013400587466583888
37.66,-75.480003,-4.72,-7.441,2.292,-3.313,0.04488794974174253,-0.04475716917042669,-0.013962643011539945
36.889999,-74.639999,-4.75,-7.461,2.257,-3.328,0.043970165190784186,-0.04425907431566317,-0.014051388623901429
36.400002,-74.279999,-4.76,-7.48,2.254,-3.339,0.043386124810815926,-0.04404560610870836,-0.014080970494688589
36.34,-74.089996,-4.67,-7.475,2.291,-3.351,0.04331460684054498,-0.04393294055391382,-0.01381473365760414
36.439999,-73.449997,-4.85,-7.525,2.273,-3.374,0.04343379829264865,-0.043553442112294734,-0.014347207331773035
36.580002,-74.43,-4.25,-7.468,2.153,-3.349,0.04360067157007014,-0.044134551787906776,-0.012572295084543383
38.009998,-75.440002,-3.61,-7.381,2.369,-3.313,0.04530512161199507,-0.04473344988779781,-0.010679055354165084
36.900002,-74.5,-4.36,-7.476,2.229,-3.339,0.04398208803096652,-0.04417605949481465,-0.012897695663202154
36.48,-74.519997,-4.24,-7.449,2.183,-3.338,0.043481476542187134,-0.04418791706074376,-0.012542713213756223
36.970001,-74.110001,-4.68,-7.471,2.286,-3.341,0.044065521689861165,-0.04394480286358085,-0.0138443155283913
36.720001,-73.589996,-4.95,-7.474,2.192,-3.351,0.043767540079785866,-0.043636456933143254,-0.014643026039644647
36.66,-72.459999,-5.13,-7.491,2.214,-3.369,0.04369602330144135,-0.04296640572910349,-0.015175499713813542
36.049999,-72.309998,-4.72,-7.435,2.168,-3.356,0.04296894698093119,-0.04287746004990508,-0.013962643011539945
35.849998,-72.160004,-5.21,-7.499,2.062,-3.363,0.042730560500944516,-0.04278851852147736,-0.01541215468011083
35.740002,-72.669998,-4.98,-7.484,1.967,-3.366,0.04259945336021714,-0.043090928256859895,-0.014731771652006129
37.380001,-74.260002,-5.1,-7.537,1.999,-3.341,0.04455421153038464,-0.044033748542779264,-0.015086754101452058
39.25,-76.790001,-4.76,-7.463,2.149,-3.291,0.046783112781821415,-0.0455339550709111,-0.014080970494688589
37.919998,-75.169998,-5.54,-7.577,2.139,-3.336,0.045197848232367964,-0.04457334636071274,-0.01638835641608714
36.139999,-74.07,-5.26,-7.557,2.069,-3.367,0.043076220360558304,-0.04392108358095196,-0.015560064034046634
36.419998,-74.620003,-4.6,-7.443,2.178,-3.352,0.043409958571916187,-0.04424721734270131,-0.013607660562094013
36.810001,-74.089996,-5.1,-7.486,2.219,-3.349,0.04387481345941297,-0.04393294055391382,-0.015086754101452058
36.529999,-74.040001,-5.18,-7.491,2.108,-3.345,0.04354107167227576,-0.043903295156672975,-0.015323409067749346
37.23,-74.5,-4.65,-7.428,2.215,-3.342,0.04437542137241302,-0.04417605949481465,-0.01375556991602982
38.73,-74.68,-4.87,-7.477,2.383,-3.343,0.0461633110328648,-0.04428279359829206,-0.014406371073347359
38.73,-75.57,-4.53,-7.416,2.33,-3.322,0.0461633110328648,-0.04481053444326367,-0.013400587466583888
37.91,-75.089996,-4.53,-7.371,2.309,-3.317,0.045185931351817823,-0.044525907795454955,-0.013400587466583888
37.740002,-72.949997,-6.05,-7.583,2.274,-3.361,0.044983306240819504,-0.04325695849152417,-0.017897031826232344
37.32,-72.459999,-5.98,-7.571,2.141,-3.381,0.044482694752040135,-0.04296640572910349,-0.01768995873072222
37.540001,-72.989998,-5.35,-7.455,2.23,-3.373,0.04474491976083283,-0.04328067777415306,-0.015826300871131082
38.810001,-73.699997,-5.64,-7.526,2.295,-3.363,0.04625866634001533,-0.04370168392268002,-0.01668417512395875
39.43,-75.309998,-4.85,-7.468,2.258,-3.323,0.046997659541075626,-0.04465636177452849,-0.014347207331773035
38.369999,-74.889999,-4.97,-7.51,2.121,-3.325,0.04573421632242993,-0.04440731612604846,-0.014702189781218967
38.110001,-74.389999,-4.87,-7.482,2.116,-3.331,0.045424317831804506,-0.04411083250527789,-0.014406371073347359
38.360001,-74.169998,-4.63,-7.423,2.204,-3.343,0.0457222994418798,-0.0439803791191716,-0.013696406174455496
37.75,-74.050003,-4.11,-7.343,2.216,-3.348,0.044995223121369644,-0.04390922601502287,-0.012158148893523131
38.220001,-72.790001,-5.07,-7.507,2.344,-3.379,0.04555542974023764,-0.043162086104746554,-0.014998008489090577
36.799999,-72.25,-4.97,-7.516,2.132,-3.39,0.04386289181115708,-0.042841883201347096,-0.014702189781218967
37.43,-72.459999,-4.36,-7.449,2.175,-3.383,0.044613806660473265,-0.04296640572910349,-0.012897695663202154
37.310001,-72.18,-4.54,-7.49,2.169,-3.394,0.04447077667956356,-0.04280037549443922,-0.013430169337371048
37.509998,-73.050003,-4.83,-7.528,2.091,-3.381,0.04470915839184448,-0.04331625877348173,-0.014288043590198715
39.900002,-74.870003,-4.78,-7.508,2.309,-3.343,0.047557867351870065,-0.0443954591530866,-0.01414013423626291
38.389999,-75.489998,-4.31,-7.437,2.128,-3.327,0.04575805485123596,-0.04476309587800589,-0.012749786309266348
38.91,-74.940002,-3.95,-7.411,2.268,-3.328,0.04637785779211901,-0.04443696626702724,-0.011684838960928557
39.330002,-74.68,-4.13,-7.426,2.226,-3.326,0.046878469280898394,-0.04428279359829206,-0.012217312635097451
39.43,-74.07,-5.73,-7.637,2.147,-3.349,0.046997659541075626,-0.04392108358095196,-0.0169504119610432
39.119999,-75.470001,-4.52,-7.459,2.177,-3.322,0.04662816115265582,-0.044751238312076794,-0.013371005595796726
38.91,-75.18,-4.69,-7.497,2.175,-3.337,0.04637785779211901,-0.04457927721906263,-0.013873897399178464
39.130001,-75.449997,-4.63,-7.478,2.227,-3.336,0.04664008280091171,-0.04473937659537701,-0.013696406174455496
39.939999,-75.260002,-5.07,-7.526,2.31,-3.351,0.04760554083370279,-0.0446267157843204,-0.014998008489090577
39.169998,-74.650002,-4.63,-7.45,2.291,-3.356,0.04668775628274444,-0.04426500576698031,-0.013696406174455496
37.919998,-72.809998,-5.1,-7.541,2.228,-3.379,0.045197848232367964,-0.043173943670675646,-0.015086754101452058
37.889999,-73.599998,-4.28,-7.426,2.203,-3.343,0.04516209163108537,-0.04364238779149315,-0.012661040696904866
38.41,-74.230003,-4.33,-7.415,2.319,-3.334,0.04578189457196842,-0.04401596011850027,-0.01280895005084067
37.66,-74.279999,-4.97,-7.512,2.296,-3.356,0.04488794974174253,-0.04404560610870836,-0.014702189781218967
36.77,-73.510002,-5.22,-7.537,2.163,-3.366,0.04382713520987449,-0.04358902311162341,-0.01544173655089799
