33.950001,-116.339996,24.66,-0.631,1.36,-2.618,0.04392801898193781,-0.05986905532875633,0.06666727040823212,0.016908744687137864
35.57,-115.669998,25.66,-0.526,1.362,-2.619,0.046024141065195485,-0.05952427151655682,0.06937072825122612,0.018623532599954928
36.099998,-115.0,24.959999,-0.731,1.297,-2.633,0.0467099072365835,-0.059179487704357304,0.06747830505767247,0.01833624152996622
36.790001,-116.589996,26.110001,-0.763,1.275,-2.622,0.047602704408565726,-0.0599977063889832,0.07058728698403126,0.01939742833453793
36.77,-115.690002,25.940001,-0.857,1.355,-2.651,0.04757682504827771,-0.059534565659791934,0.07012769915072227,0.019389986179736016
35.900002,-116.510002,25.59,-0.897,1.405,-2.644,0.046451131748349736,-0.05995654113733605,0.06918148620221654,0.018558692271076743
35.990002,-117.510002,25.73,-0.763,1.28,-2.631,0.0465675830470809,-0.060471145378243496,0.0695599703002357,0.01855213598969103
35.830002,-118.580002,25.280001,-0.782,1.297,-2.617,0.04636055851600328,-0.061021771916014475,0.06834341697434623,0.01789406785811168
35.450001,-119.419998,26.0,-0.667,1.327,-2.585,0.045868873960790583,-0.06145403741995978,0.07028990391784408,0.01823491348622496
36.700001,-118.459999,25.969999,-0.748,1.251,-2.619,0.047486253109834564,-0.06096001786329286,0.07020879747909642,0.01891167757521271
36.400002,-118.220001,26.370001,-0.803,1.305,-2.632,0.04709808340796733,-0.06083651387468355,0.07129018602320969,0.019183918518831156
36.419998,-117.989998,26.59,-0.861,1.312,-2.634,0.04712395629873876,-0.060718153355462115,0.07188494404521054,0.019430248996162393
36.470001,-117.410004,26.23,-0.934,1.23,-2.659,0.04718865534641048,-0.060419685983361233,0.0709116992217327,0.019226889528260648
36.68,-117.639999,26.32,-0.823,1.353,-2.641,0.04746037374954654,-0.060538042385748746,0.07115501042760215,0.01935911393046665
36.16,-116.43,25.65,-0.818,1.254,-2.651,0.04678754402354424,-0.05991537176885497,0.06934369367279616,0.01873862197582848
35.799999,-116.559998,26.790001,-0.634,1.195,-2.636,0.04632173753471626,-0.05998226929096445,0.07242563831726719,0.019588368853673
33.689999,-115.769997,26.799999,-0.706,1.116,-2.658,0.04359160153113002,-0.059575731426043325,0.07245266748878143,0.018822845864622708
32.880001,-115.919998,26.73,-0.8,1.21,-2.699,0.042543542430356164,-0.05965292257678369,0.0722634281432297,0.018384682665600723
32.779999,-116.110001,26.17,-0.965,1.266,-2.716,0.042414149510626005,-0.05975069892636882,0.07074949175115305,0.017804314111803412
33.25,-114.68,25.219999,-1.058,1.264,-2.716,0.04302228536456986,-0.05901481434726692,0.06818120409685091,0.017396225038051282
34.209999,-115.160004,25.51,-0.916,1.178,-2.694,0.04426443125713232,-0.059261826441319464,0.06896520957477702,0.01798927146352996
33.610001,-116.599998,25.790001,-0.744,1.241,-2.656,0.043488091853397845,-0.060002853460600754,0.06972218047427317,0.01773580628902342
34.869999,-117.910004,25.73,-0.634,1.355,-2.631,0.04511840744782754,-0.060676988103814965,0.0695599703002357,0.018000463214749424
34.240002,-118.800003,25.309999,-0.651,1.2,-2.617,0.04430325223841933,-0.06113498536361836,0.06842451530272037,0.017197594059173777
32.32,-118.529999,25.719999,-0.626,1.207,-2.611,0.04181895527768114,-0.06099604016015638,0.06953293301834791,0.016785282711957557
32.349998,-117.400002,25.74,-0.729,1.172,-2.643,0.041857769789451556,-0.06041453891174368,0.06958700487866563,0.017010078585457836
32.389999,-117.110001,26.07,-0.745,1.221,-2.658,0.04190952721612429,-0.060265303167276275,0.07047914596685366,0.017374456671900556
33.5,-116.279999,26.040001,-0.778,1.395,-2.685,0.043345761194378656,-0.059838180618114606,0.07039804493502168,0.01796854183709524
33.689999,-116.980003,26.51,-0.696,1.266,-2.679,0.04359160153113002,-0.060198405645166785,0.07166866741777102,0.018353954434578084
31.26,-115.089996,23.809999,-1.105,0.705,-2.719,0.04044741775929185,-0.05922580002762201,0.06436932853822937,0.015196982089966402
33.880001,-113.800003,22.85,-1.219,1.629,-2.652,0.04383744574959135,-0.05856196415908108,0.061774011712412966,0.015683164434307745
33.68,-113.900002,25.48,-0.921,1.525,-2.635,0.04357866379184099,-0.058613424068567586,0.06888410583948719,0.01794978185425353
35.619999,-114.25,26.73,-0.896,1.428,-2.705,0.04608883493725393,-0.058793534523676715,0.0722634281432297,0.019852909518935636
35.240002,-114.190002,24.66,-1.393,1.282,-2.758,0.04559715555765451,-0.058762659298430754,0.06666727040823212,0.017833922222485293
33.560001,-115.129997,26.129999,-1.226,1.079,-2.753,0.04342339668743609,-0.059246384711862554,0.07064135073397546,0.018272787569849663
32.849998,-117.209999,26.93,-0.969,1.241,-2.714,0.04250472144906915,-0.06031676256215854,0.0728041197118285,0.018330692866246372
33.830002,-117.400002,25.440001,-1.0,1.298,-2.698,0.043772751877532906,-0.06041453891174368,0.06877597022922527,0.01737806106500483
34.650002,-116.690002,25.48,-0.891,1.294,-2.684,0.044833752599305755,-0.06004916990069939,0.06888410583948719,0.017889562846031184
33.400002,-115.919998,25.77,-0.775,1.172,-2.685,0.04321637345026178,-0.05965292257678369,0.06966810861395545,0.017743853162477848
31.959999,-115.57,25.51,-0.795,0.936,-2.698,0.041353148788853156,-0.05947281212167455,0.06896520957477702,0.016948515413985208
32.169998,-115.519997,25.299999,-0.921,1.139,-2.707,0.041624867191989226,-0.05944708036581646,0.06839748072429043,0.016858422516821066
32.200001,-113.790001,25.129999,-1.025,1.234,-2.716,0.04166368817327624,-0.05855681708746353,0.06793789289098146,0.017014921325598054
33.98,-113.610001,24.99,-1.073,1.242,-2.705,0.04396683478761154,-0.058464188324100184,0.06755941149642013,0.017687352653310496
33.98,-114.900002,25.049999,-1.062,1.188,-2.698,0.04396683478761154,-0.05912802830947504,0.06772161626354192,0.01752014091389281
34.130001,-115.379997,24.48,-1.103,1.168,-2.671,0.044160921579400145,-0.05937503577208942,0.06618064799649319,0.016988844601267972
31.629999,-114.199997,23.120001,-1.285,0.398,-2.663,0.04092616069350555,-0.058767802767818615,0.06250394803347918,0.014887435319722038
32.52,-113.699997,21.85,-1.446,1.033,-2.593,0.04207773594152818,-0.05851050064736489,0.059070553869418965,0.014212596387860751
37.330002,-112.379997,22.6,-1.532,1.889,-2.565,0.04830141349485605,-0.05783122304936705,0.061098147251664466,0.017189445899051154
40.369999,-109.540001,23.49,-1.55,2.033,-2.676,0.05223487570362105,-0.056369749063606846,0.06350422473192913,0.019789783790647778
34.91,-109.290001,22.190001,-1.777,1.464,-2.732,0.04517016487450026,-0.05624109800337998,0.05998973223949476,0.016306266370205016
32.529999,-108.959999,22.34,-1.797,1.104,-2.728,0.0420906736808172,-0.056071277574672035,0.06039524821248602,0.015471548106210396
31.16,-110.260002,23.91,-1.51,1.042,-2.708,0.04031802742736833,-0.05674026463166445,0.06463967702598661,0.016072479940563496
32.509998,-114.040001,24.24,-1.304,1.177,-2.647,0.04206479432052919,-0.05868546814769039,0.06553181811417462,0.016303714762337804
37.389999,-114.349998,24.75,-1.087,1.481,-2.623,0.04837904381230021,-0.05884499391855898,0.06691058161410157,0.018814877169280934
35.939999,-113.389999,24.84,-1.114,1.311,-2.64,0.04650288399940919,-0.058350974361892065,0.06715389281997103,0.018435267485829385
35.369999,-113.330002,23.58,-1.4,1.323,-2.644,0.045765359107445135,-0.05832009965125033,0.06374753593779858,0.01706426513133113
34.810001,-112.300003,23.379999,-1.475,1.362,-2.652,0.045040775836480064,-0.0577900577977199,0.06320684166574195,0.01681918656816737
36.189999,-112.050003,24.549999,-1.35,1.789,-2.647,0.046826359829217984,-0.05766140673749304,0.06636988734204492,0.01851161347792329
35.27,-111.330002,22.969999,-1.572,1.508,-2.671,0.045635970069424936,-0.05729089116943543,0.062098423950114404,0.016814500950034637
35.25,-112.639999,22.27,-1.61,1.492,-2.653,0.04561009200304023,-0.057965021181211475,0.06020600616347644,0.01595035899510173
33.5,-112.529999,22.440001,-1.546,1.446,-2.659,0.043345761194378656,-0.057908414714711656,0.06066559670024326,0.015367647726636754
32.57,-111.639999,23.33,-1.501,1.241,-2.664,0.042142431107489935,-0.05745041694030402,0.06307167147705008,0.015921228548078665
34.34,-112.790001,23.91,-1.599,1.307,-2.669,0.044432639982536215,-0.05804221284655607,0.06463967702598661,0.017010034720655584
35.0,-112.68,24.0,-1.754,1.212,-2.692,0.04528661617323143,-0.05798560586545201,0.06488298823185606,0.017394666179878494
35.990002,-111.93,24.49,-1.823,1.259,-2.649,0.0465675830470809,-0.05759965268477142,0.06620768257492313,0.018391870979077535
34.549999,-110.440002,22.799999,-2.07,1.322,-2.626,0.04470435838567228,-0.0568328933950278,0.06163883611680542,0.016503433702483302
35.110001,-110.690002,22.549999,-2.047,1.306,-2.639,0.04542894683225062,-0.05696154445525466,0.06096297165605692,0.01647679134435096
35.290001,-111.900002,23.120001,-1.951,1.225,-2.619,0.04566184942971295,-0.057584215586752675,0.06250394803347918,0.016860527292146484
32.139999,-112.029999,23.16,-2.073,1.022,-2.633,0.04158605138631549,-0.057651112594257925,0.0626120836437411,0.015515674145266223
32.860001,-110.650002,24.549999,-1.94,1.149,-2.676,0.042517664363971454,-0.05694096028561836,0.06636988734204492,0.017315530473466005
34.380001,-107.989998,23.200001,-2.157,1.119,-2.722,0.04448439740920894,-0.055572110946387566,0.06272022466091871,0.017210837041246697
33.810001,-109.209999,23.17,-2.271,1.152,-2.671,0.043746872517244885,-0.0561999286348989,0.06263911822217105,0.016728687368172346
34.529999,-110.449997,23.190001,-2.283,1.09,-2.649,0.044678480319287575,-0.05683803686441566,0.06269319008248876,0.016844544512453558
36.389999,-111.410004,22.139999,-2.275,1.15,-2.638,0.047085140493065024,-0.05733206053791651,0.05985455394042938,0.01653587796519263
36.150002,-113.010002,22.879999,-2.038,1.331,-2.583,0.04677460757815853,-0.05815542629415995,0.06185511274424495,0.016824764676081176
36.009998,-112.709999,22.85,-1.919,1.412,-2.574,0.046593455937852336,-0.05800104347807499,0.061774011712412966,0.01678880805739677
36.900002,-111.989998,21.59,-1.91,1.587,-2.625,0.04774503506758492,-0.05763052791001738,0.05836765483024052,0.016160720662602688
37.25,-112.410004,21.15,-1.896,1.504,-2.658,0.0481978986415106,-0.05784666477882396,0.057178133379323155,0.015843122414003263
36.09,-111.139999,20.83,-1.944,1.37,-2.659,0.046696970791197785,-0.05719311481985029,0.056313026869565075,0.01527229428030419
34.0,-108.370003,21.08,-1.872,1.604,-2.644,0.04399271285399625,-0.055767663130953604,0.056988891330313575,0.015071313684452074
33.41,-108.82,20.870001,-1.893,1.512,-2.654,0.04322930989564749,-0.05599923349554923,0.05642116788674268,0.014550414762280313
34.439999,-108.75,19.6,-2.105,1.626,-2.684,0.044562029020556414,-0.05596321119868571,0.05298777372268246,0.013862197181517719
34.82,-108.269997,20.35,-2.007,1.667,-2.665,0.0450537135757691,-0.05571619961923741,0.05501536710492796,0.014784293687153215
33.68,-107.910004,21.299999,-1.922,1.588,-2.659,0.04357866379184099,-0.055530945694740416,0.057583649352314414,0.015210455816471664
33.009998,-107.830002,20.700001,-2.022,1.477,-2.692,0.042711745980146786,-0.05548977632625933,0.0559615800534337,0.014394516569107051
33.720001,-107.690002,19.93,-2.19,1.366,-2.724,0.043630421218513724,-0.0554177317325323,0.053879914810870476,0.014030868098950634
33.41,-108.870003,21.219999,-2.143,1.259,-2.674,0.04322930989564749,-0.05602496525140733,0.0573673727248749,0.014857239123038353
34.07,-109.610001,21.809999,-2.128,1.413,-2.625,0.04408328608634271,-0.05640577136047036,0.05896241285224136,0.015546642526037902
33.82,-109.120003,22.0,-2.224,1.308,-2.646,0.043759810256533915,-0.056153616311634194,0.059476072545868064,0.01569408883025593
32.380001,-105.900002,21.389999,-2.422,1.483,-2.683,0.04189659077073857,-0.05449659014130795,0.05782696055818388,0.015075653729204832
31.120001,-105.589996,21.85,-2.421,1.239,-2.683,0.04026627258850224,-0.054337059739001194,0.059070553869418965,0.014999922239640003
31.9,-106.209999,22.15,-2.408,1.231,-2.685,0.041275515883602364,-0.054656115912176534,0.059881591222317156,0.015500330397914328
31.969999,-106.400002,22.309999,-2.453,1.205,-2.689,0.04136608782204551,-0.05475389226176167,0.06031414177373836,0.015642112444674065
32.220001,-106.940002,22.49,-2.489,1.234,-2.682,0.04168956623966095,-0.05503177855185171,0.06080076688893512,0.01581951819224812
32.41,-107.980003,22.620001,-2.557,1.243,-2.687,0.0419354065764123,-0.05556696747699969,0.06115221911198218,0.015840219403798265
32.810001,-109.889999,23.01,-2.506,1.161,-2.653,0.0424529691980097,-0.056549859518715974,0.06220656496729201,0.016036558215528577
33.549999,-109.379997,22.809999,-2.5,1.26,-2.645,0.0434104550664371,-0.056287410326644687,0.06166587069523537,0.016262971811675925
33.970001,-108.699997,22.379999,-2.566,1.389,-2.639,0.04395389704832252,-0.05593747944282761,0.06050338382274795,0.016173267142747617
34.369999,-109.169998,23.17,-2.417,1.389,-2.593,0.04447145578820995,-0.056179343950658364,0.06263911822217105,0.01697707668657421
35.419998,-110.0,23.030001,-2.437,1.385,-2.581,0.04583005297950357,-0.056606466499820034,0.062260636827609725,0.017161407769097754
34.349998,-111.050003,23.360001,-2.22,1.394,-2.593,0.04444557642792193,-0.05714680249658558,0.06315277791579775,0.0168171839490447
33.529999,-109.050003,21.58,-2.399,1.364,-2.652,0.04338457700005239,-0.05611759401477067,0.058340620251810575,0.015202534412364098
34.130001,-107.75,20.85,-2.486,1.445,-2.664,0.044160921579400145,-0.05544860695777826,0.056367096026424965,0.015026470216015617
33.889999,-108.059998,21.049999,-2.408,1.479,-2.676,0.04385038219497706,-0.05560813324325108,0.056907784891565914,0.015050011281097299
34.900002,-107.93,20.76,-2.401,1.648,-2.666,0.04515722842911456,-0.055541235721141606,0.0561237848205555,0.015246592509509485
35.619999,-109.949997,20.82,-2.396,1.605,-2.622,0.04608883493725393,-0.056580734743961934,0.05628599229113514,0.015264697494809043
37.349998,-109.07,21.059999,-2.324,1.716,-2.629,0.04832728638562748,-0.056127884555776095,0.05693481946999586,0.016378073766615747
37.880001,-109.690002,20.51,-2.31,1.73,-2.617,0.04901305902653208,-0.05644694021434721,0.055447920359807,0.01600467972399729
36.41,-109.739998,20.18,-2.37,1.559,-2.635,0.04711101985335304,-0.05647266836797561,0.054555779271618976,0.015064710252332135
34.91,-106.900002,19.709999,-2.481,1.616,-2.703,0.04517016487450026,-0.055011194382215405,0.05328515138195395,0.014481373958079602
34.970001,-106.419998,20.25,-2.499,1.452,-2.696,0.045247800367557704,-0.05476418228816286,0.054745021320628556,0.015076213133341133
34.279999,-105.330002,20.190001,-2.526,1.511,-2.699,0.04435500448947878,-0.054203265723990694,0.054582816553506754,0.014911518439664947
35.150002,-105.139999,20.360001,-2.649,1.512,-2.715,0.04548070425892335,-0.05410548937440556,0.05504240438681574,0.015472539757111178
33.93,-105.57,21.190001,-2.683,1.408,-2.669,0.04390213962164979,-0.054326769712600004,0.05728627439650076,0.01562054810185018
34.209999,-105.139999,21.17,-2.758,1.325,-2.67,0.04426443125713232,-0.05410548937440556,0.057232202536183045,0.015797048139636602
34.060001,-104.309998,21.059999,-2.795,1.406,-2.694,0.04407034834705368,-0.053678367339848126,0.05693481946999586,0.01577560015906714
33.650002,-103.900002,20.34,-2.972,1.36,-2.707,0.043539849280070576,-0.05346738165949304,0.05498833252649802,0.015020266715691852
33.16,-104.849998,21.59,-2.842,1.305,-2.68,0.04290583406583869,-0.05395625362993816,0.05836765483024052,0.015772411755380352
34.799999,-103.419998,21.33,-2.914,1.308,-2.694,0.04502783421548108,-0.0532203695654405,0.057664755791062075,0.01649074014703422
35.810001,-104.25,21.15,-2.966,1.371,-2.648,0.04633467915571525,-0.053647492114602166,0.057178133379323155,0.016621773473478745
36.43,-104.779999,21.790001,-2.834,1.443,-2.637,0.04713689791973775,-0.05392023184767888,0.05890834910229716,0.01737500505811868
36.419998,-105.220001,21.68,-2.763,1.524,-2.646,0.04712395629873876,-0.054146658742886634,0.058610966036109984,0.01719608786398737
35.990002,-104.459999,20.549999,-2.831,1.548,-2.667,0.0465675830470809,-0.05375555849058849,0.055556055970068914,0.016122693508853776
35.369999,-105.589996,20.73,-2.765,1.483,-2.66,0.045765359107445135,-0.054337059739001194,0.05604268108526568,0.01582366015123654
36.720001,-104.639999,19.860001,-2.812,1.709,-2.657,0.047512131176219274,-0.05384818725395184,0.05369067546531874,0.015784873129195392
36.279999,-105.010002,19.68,-2.774,1.713,-2.645,0.046942811127949145,-0.05403859236690031,0.053204050350121976,0.015369423037056936
35.41,-104.910004,19.370001,-2.712,1.638,-2.655,0.04581711653411785,-0.05398713297201805,0.05236598112225167,0.014731988228117159
36.610001,-105.0,18.51,-2.82,1.659,-2.664,0.047369801811103396,-0.054033445295282756,0.050041004673818994,0.014459120396546545
36.099998,-106.349998,19.43,-2.661,1.656,-2.633,0.0467099072365835,-0.05472815999129934,0.052528185889373476,0.01483664437821921
34.68,-105.07,19.139999,-2.673,1.612,-2.657,0.04487256711107617,-0.05406946759214627,0.05174418041144737,0.01418242664345909
36.310001,-103.32,18.049999,-2.833,1.777,-2.669,0.046981630815332846,-0.05316891017055823,0.048797411362583906,0.014203377335786175
35.830002,-103.260002,18.59,-2.734,1.798,-2.654,0.04636055851600328,-0.05313803494531227,0.05025728130125851,0.014493268290649841
35.779999,-102.199997,18.379999,-2.849,1.682,-2.698,0.046295859468331556,-0.052592551876929156,0.04968955245077193,0.014464286680724777
35.77,-103.239998,19.27,-2.717,1.67,-2.653,0.046282921729042525,-0.053127740802077154,0.05209563263449443,0.0150836045204866
35.34,-103.300003,18.370001,-2.958,1.634,-2.655,0.0457265433017714,-0.05315861962955281,0.04966252327925767,0.014076815650492088
32.93,-102.900002,19.66,-2.884,1.459,-2.666,0.0426082363024146,-0.05295277741858558,0.05314998119326209,0.014268480025697037
34.029999,-102.059998,20.02,-2.948,1.443,-2.682,0.04403152865966998,-0.05252050779780636,0.05412322601673993,0.015211415626201185
34.110001,-102.269997,20.879999,-2.86,1.555,-2.659,0.044135043513015434,-0.052628574173792686,0.05644819705825694,0.015984888799159897
33.700001,-101.279999,20.280001,-3.047,1.368,-2.683,0.04360454315212901,-0.05211911700450279,0.05482612775937622,0.015437184635667482
33.5,-100.410004,19.940001,-3.15,1.53,-2.679,0.043345761194378656,-0.0516714138879345,0.053906952092758254,0.015193766466400803
32.720001,-99.879997,19.629999,-3.215,1.359,-2.709,0.04233651789927854,-0.05139867003802387,0.05306887475451444,0.014668907538589702
33.689999,-100.730003,20.370001,-3.092,1.549,-2.672,0.04359160153113002,-0.051836086730420644,0.05506943896524567,0.015608317921985018
33.290001,-100.68,20.27,-3.155,1.441,-2.665,0.043074042791242585,-0.05181035497456256,0.05479909047748843,0.015354259431389487
34.470001,-101.860001,20.18,-3.193,1.552,-2.655,0.04460084870794011,-0.05241758849343759,0.054555779271618976,0.015579679828707164
34.73,-100.82,19.450001,-3.272,1.471,-2.67,0.04493726227703793,-0.05188239956828959,0.0525822577496912,0.015212373486146513
36.32,-102.300003,20.629999,-3.074,1.661,-2.63,0.04699456855462188,-0.052644015388645354,0.05577233259750844,0.01670762858782832
36.27,-101.5,19.370001,-3.149,1.725,-2.68,0.04692987338866012,-0.052232330452106665,0.05236598112225167,0.015687841352935043
35.860001,-102.029999,19.26,-3.131,1.688,-2.676,0.046399374321677005,-0.052505070185183376,0.0520685980560645,0.015320967397519376
36.27,-102.129997,19.07,-3.1,1.848,-2.651,0.04692987338866012,-0.05255652958006564,0.051554941065895636,0.015309428291496707
34.970001,-101.699997,19.77,-3.009,1.839,-2.649,0.045247800367557704,-0.05233524975647543,0.05344736155599143,0.015453304055691236
34.799999,-101.169998,19.26,-3.043,1.838,-2.662,0.04502783421548108,-0.05206251002339873,0.0520685980560645,0.015011307416048952
34.709999,-101.360001,19.23,-3.053,1.805,-2.651,0.04491138291674991,-0.05216028637298386,0.05198749432077467,0.014912863621513575
34.900002,-101.290001,19.620001,-3.015,1.776,-2.645,0.04515722842911456,-0.05212426407612034,0.05304184558300017,0.015358269978664796
36.389999,-102.099998,19.790001,-2.989,1.904,-2.629,0.047085140493065024,-0.05254109196744266,0.05350143341630916,0.016015160647310508
35.560001,-102.57,19.51,-3.046,1.804,-2.626,0.046011203325906455,-0.05278295698987764,0.052744462516813,0.015324236284280606
34.849998,-101.699997,19.0,-3.149,1.69,-2.646,0.04509252808753952,-0.05233524975647543,0.051365699016886056,0.01470765911598338
35.700001,-102.050003,20.16,-3.082,1.757,-2.631,0.04619234979059938,-0.05251536432841849,0.0545017101147591,0.01605956519231333
33.290001,-98.860001,19.15,-3.278,1.538,-2.689,0.043074042791242585,-0.050873775770715224,0.05177121769333515,0.014657161571287504
34.060001,-98.82,19.799999,-3.265,1.62,-2.676,0.04407034834705368,-0.05085319108647468,0.053528462587823414,0.015581873282800805
35.130001,-100.470001,20.559999,-3.205,1.633,-2.636,0.045454824898635324,-0.05170228859857623,0.05558309054849886,0.016445208949519317
33.779999,-101.779999,21.1,-3.198,1.454,-2.623,0.043708052829861184,-0.05237641912495651,0.057042960487173465,0.016124864730692714
35.279999,-102.529999,20.99,-3.284,1.56,-2.615,0.04564890780871396,-0.05276237230563711,0.05674558012444411,0.016544038542506988
35.529999,-103.879997,21.889999,-3.198,1.61,-2.603,0.045972383638522754,-0.053457087001653684,0.05917868947968088,0.01723132870551665
33.16,-102.019997,21.469999,-3.289,1.442,-2.65,0.04290583406583869,-0.05249992311356582,0.0580432371856234,0.016149716045965424
34.220001,-100.650002,21.08,-3.359,1.547,-2.669,0.04427737287813131,-0.05179491787654381,0.056988891330313575,0.016490448777300357
34.310001,-100.919998,20.92,-3.312,1.605,-2.668,0.044393824176862474,-0.05193385896317186,0.056556338075434545,0.01633876776304172
34.610001,-102.029999,21.889999,-3.121,1.694,-2.646,0.044781995172633024,-0.052505070185183376,0.05917868947968088,0.01715187148904351
33.57,-100.849998,20.690001,-3.298,1.565,-2.677,0.04343633442672512,-0.05189783666630834,0.05593454547500376,0.01582434774514018
33.450001,-100.400002,20.389999,-3.241,1.564,-2.684,0.04328106732232022,-0.05166626681631695,0.05512350271518987,0.01557943440706438
35.200001,-100.809998,19.73,-3.319,1.669,-2.703,0.04554539813098179,-0.051877252496672036,0.05333922324227168,0.015669122958860478
35.900002,-101.529999,20.01,-3.211,1.834,-2.668,0.046451131748349736,-0.05224776806472965,0.05409619143831,0.01609985170731003
35.450001,-101.589996,19.780001,-3.2,1.81,-2.651,0.045868873960790583,-0.05227864277537137,0.05347439883787922,0.015688210007766143
35.849998,-100.209999,19.440001,-3.184,1.76,-2.674,0.0463864314067747,-0.05156849046673181,0.05255522317126125,0.01579105470376805
36.57,-100.040001,19.52,-3.116,1.959,-2.67,0.04731804438443067,-0.05148100877498602,0.05277149709524293,0.01620284423489586
35.330002,-100.309998,19.4,-3.094,1.85,-2.667,0.04571360685638568,-0.05161995037621831,0.05244708215408365,0.01551357954475034
34.779999,-100.110001,19.08,-3.166,1.812,-2.663,0.04500195614909637,-0.051517031071849545,0.05158197564432557,0.01502230024052413
36.099998,-99.199997,19.719999,-3.119,1.813,-2.638,0.0467099072365835,-0.051048739154206796,0.053312185960383895,0.016324451347586866
37.189999,-98.050003,18.33,-3.27,1.843,-2.662,0.04812026314845317,-0.050456947364788673,0.04955438226208007,0.015739232681914853
36.470001,-99.800003,19.549999,-3.129,1.812,-2.655,0.04718865534641048,-0.05135750478637672,0.052852598127074914,0.016227916229036226
36.720001,-100.900002,19.65,-3.199,1.682,-2.644,0.047512131176219274,-0.05192356893677067,0.053122946614832155,0.016237169618093586
36.560001,-102.199997,20.219999,-3.221,1.646,-2.631,0.04730510664514164,-0.052592551876929156,0.054663914881880896,0.016458823216697793
34.310001,-99.550003,20.639999,-3.265,1.68,-2.659,0.044393824176862474,-0.05122885372614985,0.05579936717593837,0.01632144587555033
33.73,-99.089996,21.620001,-3.29,1.641,-2.659,0.04364335895780275,-0.050992132173102736,0.05844876126898818,0.017033329351229396
35.290001,-100.5,21.23,-3.369,1.625,-2.629,0.04566184942971295,-0.05171772621119921,0.05739441000676268,0.017112844408425473
35.43,-100.860001,21.23,-3.373,1.499,-2.608,0.04584299460050256,-0.051902984252530135,0.05739441000676268,0.01711147345157837
34.610001,-99.849998,22.0,-3.375,1.517,-2.617,0.044781995172633024,-0.05138323242540088,0.059476072545868064,0.01762494509770007
34.68,-99.730003,22.16,-3.43,1.577,-2.625,0.04487256711107617,-0.05132148248951319,0.0599086258007471,0.017819903474103362
33.790001,-99.300003,21.85,-3.427,1.523,-2.625,0.043720994450860175,-0.05110020266592299,0.059070553869418965,0.01723044855145205
34.41,-98.830002,21.41,-3.451,1.637,-2.63,0.04452321321488267,-0.05085833815809224,0.0578810324185016,0.01718196915843068
33.68,-98.57,21.24,-3.445,1.564,-2.65,0.04357866379184099,-0.05072454002624782,0.05742144458519262,0.016758522783595263
33.130001,-98.650002,20.709999,-3.474,1.524,-2.668,0.04286701826016496,-0.0507657093947289,0.05598860922494796,0.01602997269679467
33.68,-100.489998,21.52,-3.331,1.624,-2.625,0.04357866379184099,-0.05171257913958165,0.05817841278123094,0.01668149914449676
34.900002,-99.260002,20.51,-3.385,1.725,-2.639,0.04515722842911456,-0.05107961798168245,0.055447920359807,0.016508510269079704
34.740002,-98.389999,20.02,-3.417,1.792,-2.639,0.04495020389803692,-0.05063191074828024,0.05412322601673993,0.01614717305549887
34.720001,-97.290001,18.84,-3.542,1.791,-2.656,0.0449243245377489,-0.05006584711249052,0.05093314576200701,0.015263874395755132
34.32,-97.959999,18.85,-3.444,1.804,-2.642,0.04440676191615151,-0.05041063092469003,0.05096018034043696,0.014985437110632813
34.290001,-97.93,18.299999,-3.433,1.871,-2.637,0.044367946110477764,-0.05039519331206706,0.049473275823332406,0.014482009540581037
33.880001,-98.010002,18.25,-3.396,1.846,-2.645,0.04383744574959135,-0.05043636268054813,0.04933810563464055,0.014246396234561256
33.59,-97.220001,17.42,-3.502,1.791,-2.679,0.04346221249310983,-0.050029824815627,0.04709423562495554,0.013508874434146124
33.950001,-96.849998,17.9,-3.443,1.963,-2.676,0.04392801898193781,-0.049839419702678515,0.04839189538959265,0.014160164889617313
32.900002,-96.739998,17.809999,-3.469,1.831,-2.685,0.042569421790644185,-0.0497828132361787,0.04814858148026535,0.01364506334491028
33.52,-97.150002,18.110001,-3.453,1.854,-2.675,0.043371639260763366,-0.04999380303336772,0.048959624240079234,0.014112486822491626
33.290001,-97.610001,18.76,-3.418,1.755,-2.665,0.043074042791242585,-0.0502305204695809,0.050716869134567494,0.014520130485409725
34.43,-96.900002,17.530001,-3.602,1.773,-2.685,0.044549091281267376,-0.049865151973140856,0.04739161869114271,0.01402518599975641
34.41,-98.019997,18.629999,-3.523,1.705,-2.653,0.04452321321488267,-0.050441506149936,0.05036541691152043,0.014815707992155702
34.330002,-98.050003,19.02,-3.544,1.689,-2.65,0.044419703537150496,-0.050456947364788673,0.05141976817374593,0.015127508115369252
34.310001,-97.5,19.440001,-3.559,1.544,-2.643,0.044393824176862474,-0.05017391348847684,0.05255522317126125,0.015591711286548961
35.48,-97.580002,19.219999,-3.678,1.586,-2.633,0.04590768976646432,-0.05021508285695792,0.051960457038886895,0.01588435464946443
35.790001,-98.230003,19.370001,-3.663,1.593,-2.617,0.04630880108933055,-0.05054957612815201,0.05236598112225167,0.016041735361143405
34.5,-96.419998,18.25,-3.76,1.526,-2.651,0.04463966451361384,-0.049618139879088315,0.04933810563464055,0.014786543423055359
34.48,-96.589996,18.639999,-3.675,1.606,-2.644,0.04461378644722913,-0.0497056215708341,0.05039245148995037,0.015100205455448467
33.43,-96.599998,18.700001,-3.655,1.558,-2.64,0.0432551879620322,-0.04971076864245166,0.0505546643674457,0.01469969456234208
33.209999,-96.410004,17.889999,-3.658,1.67,-2.647,0.042970527937897136,-0.04961299692430468,0.04836485810770486,0.013907463040432439
33.560001,-96.860001,17.190001,-3.659,1.732,-2.648,0.04342339668743609,-0.04984456728890031,0.046472443024524746,0.013350424141020174
33.799999,-97.449997,18.209999,-3.456,1.748,-2.612,0.043733930896245894,-0.05014818173261875,0.04922996461746295,0.014271904593696698
33.98,-96.059998,16.52,-3.702,1.74,-2.647,0.04396683478761154,-0.04943288235236162,0.044661123566260924,0.013065025333836947
35.220001,-96.419998,16.9,-3.563,1.954,-2.62,0.0455712761973665,-0.049618139879088315,0.04568843754659865,0.01388052462162561
33.5,-95.279999,16.1,-3.625,1.764,-2.643,0.043345761194378656,-0.04903149155905806,0.04352567127220345,0.012613313635841348
33.029999,-95.220001,15.59,-3.632,1.823,-2.657,0.0427376253404348,-0.049000616333812086,0.042146907772276504,0.011961305592966405
32.34,-95.690002,15.7,-3.528,1.809,-2.657,0.04184483334406585,-0.04924248084164284,0.04244428813500584,0.011682213545809618
33.610001,-94.25,14.79,-3.616,1.92,-2.686,0.043488091853397845,-0.04850144970552762,0.0399841414978813,0.011656927881917176
34.419998,-94.349998,14.45,-3.649,1.926,-2.702,0.044536149660268386,-0.04855290910040988,0.039064965831263336,0.01168273546370728
33.279999,-96.010002,15.09,-3.543,1.831,-2.682,0.043061101170243594,-0.04940715419873322,0.040795178850779504,0.011483041940763293
33.240002,-96.690002,15.51,-3.479,1.918,-2.664,0.04300934891918414,-0.04975708508255029,0.041930631144836986,0.011727631660490278
33.330002,-95.550003,14.75,-3.636,1.879,-2.688,0.04312580021791532,-0.04917043676252003,0.03987600318416154,0.011277122213185609
32.900002,-95.330002,15.86,-3.536,1.884,-2.672,0.042569421790644185,-0.049057223314916146,0.04287684138988488,0.012129679955204307
32.029999,-94.57,15.45,-3.659,1.808,-2.685,0.041443722021199614,-0.048666123062618,0.04176842367425734,0.011515340877612986
31.74,-94.589996,15.42,-3.681,1.757,-2.692,0.04106849135252473,-0.04867641308901919,0.04168731993896752,0.011359799400824355
31.959999,-95.150002,16.08,-3.624,1.792,-2.686,0.041353148788853156,-0.04896459455155281,0.04347160211534356,0.011953385450881301
31.18,-95.050003,16.139999,-3.673,1.667,-2.681,0.04034390549375303,-0.04891313464206631,0.04363380688246536,0.011688192578050696
32.169998,-94.540001,15.28,-3.833,1.828,-2.694,0.041624867191989226,-0.04865068544999502,0.04130883584094836,0.011427672527647523
31.84,-95.190002,15.93,-3.738,1.787,-2.667,0.041197881684448254,-0.04898517872118911,0.04306608343889446,0.011759595467384533
32.240002,-94.940002,15.89,-3.758,1.775,-2.663,0.04171544559994896,-0.04885652766096225,0.04295794512517471,0.011938954354720475
32.009998,-94.970001,16.049999,-3.779,1.648,-2.675,0.0414178426609116,-0.04887196527358523,0.0433904956765959,0.011978791021307424
31.67,-95.690002,16.1,-3.763,1.653,-2.681,0.04097791812017827,-0.04924248084164284,0.04352567127220345,0.011753702850246295
30.9,-95.669998,15.59,-3.792,1.618,-2.68,0.03998161256436718,-0.049232186698407725,0.042146907772276504,0.010965444546078652
31.799999,-95.360001,15.81,-3.757,1.749,-2.671,0.04114612425777552,-0.04907266092753913,0.04274166849773518,0.01160504394265719
32.77,-96.290001,16.5,-3.66,1.869,-2.654,0.042401211771336975,-0.04955124287158307,0.04460705440940105,0.012485674436384984
33.849998,-95.260002,15.32,-3.795,1.946,-2.672,0.04379862476830433,-0.04902120101805263,0.04141697415466812,0.012064799301639942
32.57,-93.989998,14.95,-3.848,1.837,-2.688,0.042142431107489935,-0.048367651573683196,0.04041669475276034,0.01139715809552236
31.879999,-93.629997,15.19,-3.792,1.779,-2.689,0.04124963652331434,-0.04818239353235228,0.0410655246350789,0.011377589208680322
32.330002,-93.449997,14.69,-3.822,1.828,-2.69,0.04183189689868013,-0.04808976476898893,0.0397137957135819,0.0111519759477577
32.720001,-93.769997,14.57,-3.803,1.924,-2.687,0.04233651789927854,-0.04825443812607932,0.03938938077242262,0.01115715351520728
32.700001,-94.589996,14.68,-3.786,1.903,-2.675,0.04231063983289383,-0.04867641308901919,0.03968676113515196,0.011106995959675533
33.57,-94.989998,15.22,-3.715,1.926,-2.647,0.04343633442672512,-0.04888225581459065,0.041146628370368726,0.011900235660834398
35.080002,-95.080002,14.79,-3.767,1.953,-2.636,0.04539013102657689,-0.04892857225468929,0.0399841414978813,0.012148566756589632
35.32,-95.650002,14.03,-3.891,1.877,-2.644,0.04570066523538669,-0.049221896672006535,0.037929513537205854,0.011469427366862003
35.59,-96.440002,14.44,-3.827,1.941,-2.631,0.046050019131580196,-0.04962843402232343,0.0390379312528334,0.011819838787363389
35.27,-97.080002,15.02,-3.777,1.875,-2.626,0.045635970069424936,-0.04995778073650419,0.040605936801769923,0.012094708711563555
33.740002,-95.620003,14.71,-3.863,1.788,-2.67,0.04365630057880174,-0.049206459059383555,0.03976786487044178,0.011405902129953321
31.93,-95.809998,15.52,-3.771,1.736,-2.673,0.04131433298317942,-0.049304231292134765,0.041957665723266924,0.011322589138103861
32.189999,-96.730003,15.16,-3.889,1.644,-2.668,0.04165074655227725,-0.04977766976679083,0.040984420899789084,0.010952499228425167
33.959999,-97.82,16.26,-3.796,1.718,-2.618,0.04394095542732353,-0.050338586845567225,0.04395822452708249,0.012520197702946266
33.16,-96.699997,16.389999,-3.833,1.591,-2.612,0.04290583406583869,-0.04976222855193816,0.04430967134321386,0.012484425619038132
32.16,-96.160004,16.719999,-3.831,1.548,-2.619,0.04161193074660351,-0.04948434586407782,0.04520181243140189,0.012443132437975858
33.23,-96.709999,16.26,-3.906,1.614,-2.628,0.04299640729818515,-0.04976737562355572,0.04395822452708249,0.012395752067237309
34.23,-96.589996,15.22,-4.021,1.638,-2.642,0.044290310617420336,-0.0497056215708341,0.041146628370368726,0.011910439138984987
32.950001,-96.370003,16.299999,-3.818,1.642,-2.635,0.04263411566270263,-0.049592412240064145,0.0440663601373444,0.012369354519994295
32.279999,-94.610001,15.42,-3.926,1.748,-2.677,0.04176719785100841,-0.04868670774685854,0.04168731993896752,0.011589270014372462
31.940001,-95.980003,15.36,-3.904,1.594,-2.657,0.04132727331027509,-0.04939171658611024,0.04152511246838788,0.011153556397517576
34.029999,-97.040001,15.22,-3.867,1.813,-2.636,0.04403152865966998,-0.04993719605226366,0.041146628370368726,0.011746986992591682
33.630001,-96.550003,14.86,-3.87,1.837,-2.649,0.04351396991978255,-0.04968504100342749,0.04017338354689088,0.011334104154415313
32.310001,-96.300003,14.61,-3.849,1.745,-2.654,0.04180601753839211,-0.04955638994320063,0.03949751908614238,0.010582382227111288
32.889999,-95.989998,13.55,-3.953,1.826,-2.67,0.042556478875741884,-0.04939686005549811,0.03663185377256874,0.009930490864270837
33.43,-96.970001,14.52,-3.798,1.787,-2.653,0.0432551879620322,-0.04990117375540013,0.039254207880272916,0.01086940736230166
35.09,-96.470001,14.64,-3.749,1.924,-2.649,0.045403067471962606,-0.04964387163494641,0.0395786228214322,0.011779272886149467
34.459999,-96.470001,13.99,-3.821,1.836,-2.647,0.04458790708694112,-0.04964387163494641,0.0378213752234861,0.010921803558493605
34.759998,-97.089996,13.73,-3.868,1.873,-2.639,0.044976076788808356,-0.049962923691287825,0.03711847618430766,0.01071054309394273
35.169998,-98.540001,14.73,-3.77,1.851,-2.609,0.04550657714969478,-0.05070910241362484,0.039821934027301664,0.011539802921123866
35.84,-98.970001,14.83,-3.768,1.933,-2.601,0.04637349496138899,-0.05093038223721504,0.04009227981160106,0.011845130845258336
35.540001,-99.209999,15.07,-3.728,1.815,-2.591,0.045985325259521745,-0.05105388622582435,0.04074110969391962,0.011890849575872338
35.130001,-97.209999,14.12,-3.873,1.741,-2.628,0.045454824898635324,-0.05002467774400944,0.03817282474307532,0.011200990632567067
34.189999,-96.900002,14.96,-3.744,1.796,-2.633,0.04423855319074761,-0.049865151973140856,0.04044372933119028,0.011605710182932346
33.77,-96.300003,14.4,-3.862,1.764,-2.663,0.04369511509057216,-0.04955638994320063,0.03892979293911364,0.011022839362161724
33.279999,-96.809998,15.67,-3.737,1.695,-2.656,0.043061101170243594,-0.04981883553304221,0.04236318439971602,0.011868483345639134
33.990002,-96.019997,15.36,-3.86,1.749,-2.668,0.04397977640861053,-0.049412297668121094,0.04152511246838788,0.01203086373629244
33.860001,-95.980003,16.1,-3.823,1.678,-2.625,0.04381156768320664,-0.04939171658611024,0.04352567127220345,0.012648507456433283
34.849998,-94.889999,15.68,-3.937,1.731,-2.627,0.04509252808753952,-0.04883079590510415,0.04239021897814596,0.012883983720193776
34.43,-95.519997,16.26,-3.879,1.708,-2.633,0.044549091281267376,-0.04915499554766736,0.04395822452708249,0.013117440086894168
34.669998,-95.220001,15.65,-3.979,1.808,-2.657,0.04485962549007718,-0.049000616333812086,0.042309115242856146,0.012722708133040413
33.939999,-95.18,15.58,-3.967,1.726,-2.652,0.04391507736093882,-0.048980031649571557,0.042119873193846566,0.012351639635071276
34.880001,-96.099998,15.49,-3.95,1.815,-2.635,0.04513134906882653,-0.049453466521997926,0.0418765619879771,0.012518148178268568
35.040001,-96.559998,14.87,-3.991,1.709,-2.632,0.045338373599904155,-0.049690184472815355,0.04020041812532082,0.011949535750803207
35.279999,-96.410004,15.17,-3.905,1.788,-2.628,0.04564890780871396,-0.04961299692430468,0.04101145547821902,0.0123491221208761
33.740002,-94.550003,14.74,-3.993,1.81,-2.663,0.04365630057880174,-0.048655832521612576,0.0398489686057316,0.011616478887640254
33.740002,-94.720001,14.52,-3.973,1.838,-2.649,0.04365630057880174,-0.04874331421335836,0.039254207880272916,0.011389064748572097
34.150002,-95.389999,13.45,-4.041,1.794,-2.623,0.044186800939688166,-0.04908809802555788,0.036361507988269336,0.010486736967466541
35.369999,-94.290001,12.06,-4.1,1.903,-2.624,0.045765359107445135,-0.04852203438976816,0.032603701586507675,0.009949008768061549
34.75,-93.879997,10.31,-4.218,2.066,-2.615,0.044963140343422636,-0.048311044592579136,0.02787265036126817,0.00817491537070389
35.720001,-92.889999,9.22,-4.332,2.148,-2.599,0.04621822785698409,-0.04780158742328924,0.024925881312404707,0.007780840582033186
34.970001,-92.269997,7.39,-4.698,2.374,-2.566,0.045247800367557704,-0.04748253176471814,0.01997855345972568,0.005914607354188416
36.080002,-89.68,6.91,-5.003,2.103,-2.594,0.04668403434581207,-0.046149708324580554,0.01868089369508856,0.0064050732387733594
34.630001,-87.529999,6.49,-5.19,2.276,-2.586,0.044807873239017734,-0.04504330869202528,0.01754544140103108,0.005770001982674511
35.689999,-84.489998,4.79,-5.68,2.059,-2.628,0.046179408169600394,-0.04347891128506238,0.012949563067941273,0.00521668665082643
32.0,-80.139999,1.65,-6.235,2.114,-2.623,0.04140490621552588,-0.041240383351719194,0.0044607054409401044,0.0015417427682489302
36.459999,-74.75,0.08,-6.65,2.156,-2.621,0.04717571372541149,-0.03846666700783225,0.00021627662743952024,0.002975107781672919
29.389999,-68.669998,-6.3,-7.685,2.595,-2.607,0.03802781725841873,-0.035337872193906446,-0.017031784410862217,-0.004780613115449978
34.130001,-60.66,-8.45,-8.39,2.3,-2.704,0.044160921579400145,-0.03121589325344621,-0.022844218773299323,-0.0032997301491151294
30.52,-54.369999,-11.17,-8.932,2.989,-2.669,0.03948992930305781,-0.027979032063534078,-0.03019762410624301,-0.006228908955573094
34.84,-52.43,-12.35,-9.535,2.875,-2.542,0.04507959164215381,-0.026980700350777858,-0.033387704360975934,-0.0050962710231999934
30.83,-49.299999,-16.459999,-10.49,3.447,-2.486,0.03989103933202071,-0.02536998856213328,-0.04449891339222344,-0.009992620874112004
36.73,-45.23,-13.92,-10.71,3.478,-2.59,0.0475250689155083,-0.02327554981624418,-0.03763213317447652,-0.004460871358404134
35.220001,-43.369999,-15.8,-11.131,3.762,-2.615,0.0455712761973665,-0.022318385413552074,-0.042714633919305245,-0.006487247711830273
31.889999,-43.580002,-16.459999,-11.078,3.502,-2.621,0.04126257555650669,-0.022426453847955365,-0.04449891339222344,-0.008554263894557372
29.23,-42.060001,-15.84,-11.142,3.299,-2.665,0.03782079402124442,-0.021644254887171793,-0.042822772233025004,-0.008882077699650793
27.610001,-36.439999,-20.92,-12.384,2.514,-2.813,0.03572467193798674,-0.018752178024063412,-0.056556338075434545,-0.013194614720503739
28.0,-47.540001,-10.83,-10.522,3.328,-2.376,0.03622929293858514,-0.024464286127344644,-0.02927844843962505,-0.005837813876128184
41.93,-34.599998,-21.049999,-12.704,3.759,-2.497,0.054253366175531254,-0.017805305706189455,-0.056907784891565914,-0.006819908140741372
46.279999,-48.349998,2.91,-10.282,4.351,-2.391,0.059881844320300984,-0.02488111401866696,0.007867062323112548,0.014289264208248859
11.66,-37.689999,-16.440001,-13.031,0.137,-2.949,0.015086912702282244,-0.019395433325197733,-0.044444849642279245,-0.016251123421731576
34.810001,-54.119999,-1.76,-9.94,3.52,-2.116,0.045040775836480064,-0.027850381003307216,-0.004758085803669445,0.004144103009834467
32.389999,-41.380001,-11.11,-11.441,1.438,-2.857,0.04190952721612429,-0.021294324003354723,-0.030035416635663368,-0.003140071140964601
33.689999,-35.009998,-17.469999,-12.615,1.473,-3.035,0.04359160153113002,-0.018016293444961515,-0.04722940581364739,-0.007218032575826293
35.200001,-53.650002,-3.09,-10.036,3.392,-2.233,0.04554539813098179,-0.027608518553893433,-0.008353684734851468,0.003194398280745629
26.24,-41.849998,-11.98,-11.794,2.292,-2.661,0.03395202309673122,-0.021536186452768502,-0.032387424959068156,-0.006657196105035147
27.51,-43.029999,-9.23,-11.272,2.131,-2.711,0.03559528031215991,-0.022143419971643537,-0.024952915890834648,-0.0038336851834394254
32.200001,-40.209999,-11.7,-11.257,2.965,-2.593,0.04166368817327624,-0.02069223601228452,-0.03163045676302983,-0.0035530015340127035
30.559999,-43.68,-7.12,-11.089,2.545,-2.376,0.0395416841419239,-0.022477913242837627,-0.0192486198421173,-0.0007282829810103438
27.530001,-42.720001,-11.52,-11.924,2.529,-2.643,0.03562115967244793,-0.02198389368617071,-0.031143834351290912,-0.005835522788337898
27.34,-44.540001,-13.6,-11.435,3.313,-2.527,0.03537531674788993,-0.022920473404622277,-0.036767026664718434,-0.008104061107150262
24.709999,-43.459999,-13.84,-11.228,2.682,-2.521,0.03197234972439807,-0.02236469979523375,-0.037415856547036996,-0.009269402205957558
26.32,-41.759998,-12.21,-11.718,2.364,-2.767,0.03405553536227004,-0.021489872071086834,-0.03300922026295677,-0.00681451899059119
22.780001,-45.48,-6.3,-11.011,1.899,-2.51,0.029475118906080806,-0.023404200876471045,-0.017031784410862217,-0.0036536221270841523
22.719999,-39.669998,-14.69,-12.391,1.258,-2.486,0.02939748211912006,-0.020414349207590252,-0.0397137957135819,-0.010243554267350697
25.879999,-43.619999,-8.78,-11.53,2.794,-2.443,0.03348621660790324,-0.02244703647377894,-0.023736359861487342,-0.004232393242454347
72.870003,-8.02,-6.53,-17.365999,10.801,-3.475,0.09428673875437779,-0.004127126012077788,-0.017653579714750837,0.02416867767584972
39.43,-42.700001,-9.13,-11.528,4.273,-2.399,0.0510186078774433,-0.021973601601352564,-0.024682570106535247,0.0014541453898518294
22.43,-47.459999,-2.39,-10.568,1.672,-2.458,0.029022251450445173,-0.024423116758863567,-0.006461264244755667,-0.0006207098510580203
-8.04,-41.130001,8.57,-11.345,-2.418,-2.723,-0.010402982686650877,-0.021165672943127857,0.023168633714458604,-0.0028000073051067088
54.639999,-16.91,-15.49,-15.09,6.191,-3.02,0.07069887606910713,-0.008701957713745061,-0.0418765619879771,0.006706785455794989
54.27,-27.559999,-0.39,-12.658,5.612,-3.162,0.07022013313489343,-0.014182492364805215,-0.0010543485587676611,0.018327764070440185
20.040001,-39.610001,-8.19,-12.239,1.747,-2.85,0.0259298238113764,-0.020383474496948526,-0.02214131973412088,-0.0055316568065643355
34.049999,-39.919998,-0.27,-11.585,5.754,-2.306,0.04405740672605469,-0.020543000267817114,-0.0007299336176083808,0.007594824280209731
10.13,-18.93,-13.29,-14.375,-1.611,-3.234,0.013107240623852413,-0.00974145828037812,-0.03592895473339029,-0.010854390796638665
69.360001,-24.84,2.46,-14.677,7.737,-3.283,0.08974513551605566,-0.012782769344141178,0.006650506293765247,0.027870957488559913
10.92,-49.259998,1.71,-11.79,0.766,-2.595,0.014129424246048208,-0.025349403877892744,0.004622912911519745,-0.0021990222401082637
27.49,-44.77,-0.52,-11.263,3.904,-2.157,0.0355694022457752,-0.023038831865426754,-0.0014057980783568815,0.003708257433997188
-17.15,-7.02,0.62,-17.070999,-6.922,-3.754,-0.0221904419248834,-0.0036125217711703325,0.0016761438626562816,-0.00804227327779915
37.529999,-48.330002,2.85,-12.33,2.062,-3.07,0.048560190276993126,-0.024870823992265773,0.0077048548525329085,0.010464740379086753
15.55,-39.349998,-9.31,-14.039,1.495,-3.002,0.02012019661410711,-0.020249675850499867,-0.025169192518274167,-0.008432890584888974
23.27,-53.650002,2.63,-11.058,3.644,-2.099,0.030109130238602726,-0.027608518553893433,0.007110094127074227,0.00320356860392784
27.110001,-38.32,-13.21,-13.877,0.344,-2.63,0.035077720278369154,-0.01971963451157367,-0.03571267810595078,-0.006784864113051765
18.360001,-38.529999,-7.53,-14.714,-1.9,-3.364,0.023756066235061296,-0.01982770088755999,-0.02035703755774484,-0.005476224070081179
-6.06,-26.58,-12.62,-16.549999,-1.729,-3.668,-0.007841054114565213,-0.013678180723320148,-0.03411763797858431,-0.018545624272156558
18.49,-55.93,0.6,-10.806,3.392,-1.862,0.023924272372658546,-0.02878181519395395,0.0016220747057964016,-0.0010784893718330003
73.440002,-31.370001,4.0,-13.58,6.562,-2.533,0.09502426235243855,-0.016143135551871097,0.010813831371976012,0.029898319390847822
45.23,-20.57,-6.42,-14.652,-0.53,-4.03,0.05852324712900736,-0.010585409235466347,-0.017356199352021498,0.01019387951383984
67.669998,-30.4,16.08,-14.567,10.503,-3.187,0.08755843502483826,-0.015643968923586625,0.04347160211534356,0.038462022738865065
52.5,-25.09,1.89,-16.209,11.363,-2.178,0.06792992425984715,-0.012911420404368042,0.005109535323258665,0.020042679726245922
-1.43,-8.42,-2.51,-15.802,-3.99,-3.518,-0.0018502817465063128,-0.00433296770844077,-0.006785679185914947,-0.004322976213620677
106.739998,-10.65,27.68,-13.817,9.278,-4.48,0.1381112377073569,-0.0054805351656643944,0.07483171309407399,0.0691541385452555
-25.27,-27.09,27.84,-14.424,-7.303,-3.16,-0.0326969368770731,-0.013940628886182952,0.07526426634895304,0.009542233528565666
39.040001,-50.029999,18.190001,-12.372,10.031,-1.25,0.05051398687684489,-0.025745649657995723,0.04917590086751875,0.02464807936212264
43.419998,-3.78,-16.73,-15.971,7.236,-3.912,0.056181279533385045,-0.0019452040306301792,-0.045228849713289665,0.0030024085964884006
20.610001,-27.49,11.04,-9.819,-2.575,-3.778,0.02666734870334046,-0.014146470582545933,0.029846174586653788,0.01412235090248277
55.5,-57.849998,16.07,-9.499,5.474,-1.532,0.0718116342175527,-0.02976985430728778,0.04344456753691363,0.028495449149059517
-42.790001,-35.540001,9.63,-16.191999,-4.43,-2.487,-0.05536612432397683,-0.018289035236455184,0.02603429902803225,-0.015873620177466585
20.889999,-35.200001,-9.76,-13.222,5.983,-3.822,0.02702963904491967,-0.01811406979454665,-0.026385748547621466,-0.005823393099082815
55.810001,-22.5,-16.870001,-12.972,5.14,-3.4,0.07221274554041893,-0.011578595420417734,-0.045607336514766665,0.00500893786841151
-8.19,-32.849998,29.110001,-13.33,-7.356,-1.99,-0.010597068184536155,-0.01690474828460141,0.07869766051301326,0.017065281347958566
42.130001,-48.84,-1.47,-13.306,4.067,-2.84,0.05451214813328161,-0.025133271125920096,-0.003974083029201184,0.008468264659386777
19.940001,-43.34,-19.75,-15.035,4.152,-4.106,0.02580043347945288,-0.022302947800929094,-0.053393292399131556,-0.016631935573535924
77.349998,-2.83,13.58,-20.235001,12.675,-3.428,0.10008341915503483,-0.0014563300017680972,0.03671295750785856,0.045113348887041764
36.459999,-49.139999,18.290001,-9.848,-0.189,-1.345,0.04717571372541149,-0.02528765188358809,0.049446246651818154,0.023778102831213854
72.660004,-34.310001,12.52,-12.573,5.359,-3.933,0.09401502035124173,-0.017656072020139017,0.033847292194284916,0.036735413508462544
73.279999,-39.310001,48.43,-14.946,12.831,-3.966,0.09481723393965096,-0.02022909322467629,0.13092846333619956,0.06850553468372474
17.209999,-68.93,2.75,-9.801,4.406,-1.058,0.022268074830134193,-0.03547167032575087,0.007434509068233508,-0.0019230288091277223
1.26,-13.94,4.28,-14.251,-4.671,-2.895,0.0016303181822363317,-0.00717358311824992,0.011570799568014333,0.002009178210666915
36.580002,-12.32,-0.66,-13.424,-2.604,-4.733,0.04733098600542966,-0.0063399242479798435,-0.001784282176376042,0.013068926527024592
25.67,-29.57,-16.719999,-14.655,0.489,-3.471,0.03321449820476717,-0.01521684740363344,-0.04520181243140189,-0.009068053876756051
1.35,-63.720001,7.95,-10.104,2.707,-1.159,0.0017467694809674983,-0.03279058274522727,0.021492489851802323,-0.003183774470819149
32.599998,-31.870001,2.62,-11.373,4.228,-2.932,0.04218124561926035,-0.016400437672324825,0.007083059548644288,0.010954622498526604
55.130001,-20.66,-3.85,-11.431,0.665,-4.218,0.071332891283339,-0.010631723617148018,-0.010408312695526912,0.016764284990221357
46.82,-46.860001,-1.86,-10.878,2.235,-2.605,0.060580553406591305,-0.024114355243527574,-0.005028431587968845,0.010479255525031629
-10.06,-44.459999,-2.64,-13.585,-1.679,-2.376,-0.01301666739150595,-0.022879304036141204,-0.007137128705504168,-0.01434436671105044
14.97,-38.490002,-1.73,-12.463,0.741,-2.98,0.019369732688950703,-0.019807118261736416,-0.0046769820683796245,-0.0017047892137217792
86.349998,-27.280001,5.72,-13.228,7.504,-3.53,0.11172854902815148,-0.014038404206559609,0.015463778861925695,0.03771797456117252
21.74,-65.230003,21.790001,-8.384,-0.844,-2.728,0.028129458160172895,-0.033567636178205996,0.05890834910229716,0.017823390361421356
62.720001,-48.77,19.360001,-11.737,9.161,-2.521,0.08115361747633405,-0.025097248829056572,0.05233894654382174,0.036131771730366406
30.280001,-60.560001,11.21,-10.059,2.434,-2.417,0.039179393800344686,-0.031164433343959706,0.030305762419962773,0.012773574292115918
52.759998,-50.599998,-1.01,-11.241,2.892,-2.837,0.06826633653504166,-0.026038973560708733,-0.0027304924214239428,0.013165623517636326
50.139999,-52.419998,10.21,-9.744,3.125,-2.731,0.0648763111325488,-0.026975553279160302,0.027602304576968772,0.02183435414345242
22.110001,-50.299999,6.3,-10.847,0.069,-3.138,0.028608203682193235,-0.025884592803040736,0.017031784410862217,0.006585131763338238
21.42,-57.139999,-0.93,-10.824,0.771,-2.71,0.02771540909801764,-0.02940448581084773,-0.0025142157939844227,-0.0014010975022715046
16.91,-49.41,-3.52,-11.189,0.4,-2.683,0.021879905128266958,-0.02542659554323734,-0.00951617160733889,-0.004354287340769757
27.280001,-47.029999,5.91,-10.658,0.975,-2.946,0.03529768384263913,-0.02420183693527336,0.015977435852094556,0.009024427586486776
40.150002,-53.869999,7.38,-10.297,2.738,-2.683,0.05195022085509927,-0.02772172994308035,0.01995151888129574,0.014726669931104885
26.6,-53.27,-5.29,-11.078,1.855,-2.56,0.03441782829165589,-0.02741296791314012,-0.014301291989438275,-0.002432143870307501
19.889999,-58.919998,6.07,-9.693,1.32,-2.868,0.025735735725684487,-0.030320480845058756,0.016409989106973596,0.003941747995866443
26.870001,-52.75,3.71,-10.963,1.892,-3.006,0.03476718348175271,-0.027145373707868244,0.010029828597507751,0.005883879457130738
22.709999,-56.709999,4.46,-10.684,1.662,-2.409,0.029384543085927705,-0.029183205987257526,0.012057421979753253,0.004086253026141144
24.92,-54.259998,1.76,-10.531,1.749,-2.601,0.03224407071534078,-0.02792242508243002,0.004758085803669445,0.0030265771455267355
35.740002,-56.470001,1.51,-10.164,2.204,-2.767,0.0462441072172721,-0.029059701998648216,0.004082221342920944,0.0070888755205149425
33.639999,-52.599998,-0.61,-10.633,1.75,-2.887,0.04352690636516827,-0.02706818204252364,-0.0016491092842263416,0.004936538346139429
29.24,-54.619999,4.35,-10.161,2.406,-2.836,0.037833733054436776,-0.02810768312376094,0.011760041617023912,0.0071620305158999155
22.280001,-53.540001,-1.77,-10.509,1.559,-2.642,0.028828167246463213,-0.02755191157278937,-0.004785120382099385,-0.0011696215694751806
32.02,-54.310001,-3.35,-10.371,2.948,-2.495,0.04143078428191059,-0.027948156838288114,-0.00905658377402991,0.0014753478898641887
31.16,-52.490002,1.46,-10.034,2.294,-2.859,0.04031802742736833,-0.027011577634440783,0.003947048450771244,0.0057511660812329295
35.549999,-54.09,0.4,-9.988,2.165,-2.811,0.045998261704907464,-0.027834943390684232,0.0010813831371976012,0.0064149004838069444
33.009998,-52.610001,-7.28,-10.433,1.952,-2.658,0.042711745980146786,-0.027073329628745438,-0.01968117309699634,-0.001347585581864998
28.200001,-55.119999,-2.77,-9.705,2.145,-2.777,0.0364880748963355,-0.028364985244214668,-0.007488578225093388,0.00021150380900914847
29.0,-54.009998,-4.95,-10.081,2.784,-2.756,0.03752319625782033,-0.027793774022203156,-0.013382116322820315,-0.0012175646957343807
27.93,-55.669998,-3.57,-9.995,2.574,-2.581,0.036138719706238685,-0.028648017062109527,-0.00965134449948859,-0.0007202139517864774
28.030001,-55.400002,-3.13,-9.702,2.631,-2.747,0.03626811133206552,-0.02850907597548148,-0.008461823048571229,-0.0002342625639957293
28.120001,-54.77,-5.01,-9.572,1.929,-2.796,0.03638456263079669,-0.028184874274501302,-0.013544323793399954,-0.0017815451457015227
30.98,-56.110001,-4.2,-9.779,2.028,-2.729,0.040085124829906,-0.02887444447192153,-0.011354522940574813,-4.794752753011465e-05
29.889999,-57.330002,-1.31,-9.766,1.994,-2.787,0.038674768918036326,-0.029502262160432866,-0.003541529774322144,0.0018769923277604384
28.27,-57.709999,-2.42,-9.547,2.234,-2.648,0.03657864683477865,-0.029697810228164978,-0.006542367980045487,0.00011282287552272779
29.959999,-55.950001,-4.73,-9.613,2.397,-2.632,0.03876534215038279,-0.028792107793376338,-0.012787355597361634,-0.0009380404134517271
28.129999,-58.290001,0.24,-9.14,2.005,-2.777,0.0363974990761824,-0.029996281717099782,0.0006488298823185606,0.0023500157471337264
31.59,-55.869999,-2.65,-9.581,2.063,-2.787,0.04087440585463946,-0.02875093842489526,-0.007164163283934107,0.0016531013819366966
31.6,-57.25,-1.69,-9.558,1.671,-2.642,0.04088734488783181,-0.02946109279195179,-0.0045688437546598645,0.0022858027804067175
31.379999,-57.869999,-0.44,-9.5,1.752,-2.69,0.04060268486369675,-0.02978014690671017,-0.0011895214509173612,0.003211005502023074
30.82,-59.610001,0.31,-9.252,2.286,-2.616,0.039878100298828364,-0.030675559315097623,0.0008380719313281408,0.003346870971686294
30.809999,-58.650002,-1.12,-9.588,2.318,-2.66,0.0398651599717327,-0.030181539758430707,-0.0030278727841532836,0.0022185824763829025
29.780001,-59.799999,1.35,-9.229,2.012,-2.682,0.03853244214072709,-0.030773333091661557,0.003649668088041904,0.0038029257123691454
30.049999,-57.43,-3.03,-9.464,1.88,-2.664,0.03888179344911395,-0.029553721555315132,-0.008191477264271827,0.0003788648765089975
33.509998,-57.77,-2.9,-9.42,2.331,-2.654,0.043358697639764375,-0.029728686997223665,-0.007840027744682608,0.0019299942992860337
31.459999,-58.52,0.13,-9.318,2.256,-2.741,0.040706197129235566,-0.03011464017790426,0.0003514495195892204,0.003647668823640176
29.030001,-58.23,-1.59,-9.263,2.498,-2.609,0.037562014651300706,-0.029965404948041095,-0.004298497970360465,0.0010993705776330487
27.629999,-58.860001,-3.31,-9.296,2.482,-2.594,0.03575054741656481,-0.03028960613441703,-0.008948445460310149,-0.001162501392720789
30.57,-59.790001,-0.47,-9.004,2.781,-2.711,0.03955462446901957,-0.030768188078460962,-0.0012706251862071812,0.0025052704014504757
31.870001,-58.07,-2.79,-9.291,2.532,-2.662,0.04123670007792862,-0.029883068269495904,-0.007542647381953268,0.0012703281421598172
33.779999,-57.330002,-2.9,-9.197,2.729,-2.629,0.043708052829861184,-0.029502262160432866,-0.007840027744682608,0.0021219209749152364
33.209999,-60.259998,-1.14,-8.889,2.588,-2.712,0.042970527937897136,-0.031010050527874748,-0.0030819419410131627,0.002959511823003075
31.940001,-60.77,-3.42,-9.031,2.698,-2.632,0.04132727331027509,-0.03127249971994603,-0.00924582582303949,0.0002696492557631898
30.459999,-59.509998,-3.29,-9.161,2.766,-2.593,0.03941229381000038,-0.03062409734719416,-0.008894376303450269,-3.539328021468236e-05
29.18,-60.790001,-0.19,-9.026,2.448,-2.638,0.037756098855282666,-0.03128279231936842,-0.0005136569901688606,0.001986549848581796
30.76,-58.700001,-2.19,-9.137,2.494,-2.637,0.039800466099674255,-0.03020726945587184,-0.005920572676156866,0.0012242079892151832
30.700001,-57.009998,-2.95,-9.169,2.328,-2.669,0.03972283319442346,-0.02933758674492552,-0.007975200636832309,0.000803348604221878
31.799999,-58.41,0.19,-9.05,2.359,-2.732,0.04114612425777552,-0.030058033711404433,0.0005136569901688606,0.0038672491788466503
30.940001,-59.259998,0.61,-9.007,2.338,-2.627,0.0400333699910399,-0.030495446286967293,0.0016491092842263416,0.0037290109960996503
29.690001,-58.650002,-0.91,-9.091,2.342,-2.625,0.03841599084199592,-0.030181539758430707,-0.0024601466371245427,0.0019247681488135573
28.860001,-60.389999,1.2,-8.911,2.236,-2.675,0.037342051087030724,-0.03107694959379696,0.0032441494115928032,0.003169750301608856
30.74,-59.009998,0.28,-9.138,2.141,-2.639,0.03977458803328955,-0.03036679522674043,0.0007569681960383209,0.0033882536675291473
32.439999,-59.400002,2.15,-9.023,2.04,-2.62,0.04197422238208604,-0.030567492939111297,0.0058124343624371055,0.005739721268470617
30.950001,-58.650002,2.35,-9.027,1.911,-2.715,0.04004630902423226,-0.030181539758430707,0.006353125931035907,0.0054059650656124855
30.48,-57.860001,-0.33,-9.195,2.212,-2.657,0.0394381731702884,-0.029775001893509574,-0.000892141088188021,0.002923676729530269
29.27,-59.200001,0.59,-9.118,2.264,-2.594,0.03787255015401383,-0.030464571576325566,0.0015950401273664616,0.003001006235018241
28.700001,-59.82,2.58,-8.955,2.287,-2.651,0.0371350265559531,-0.03078362569108395,0.006974921234924527,0.004442107366597892
30.52,-58.119999,-1.35,-9.272,2.252,-2.674,0.03948992930305781,-0.029908797966937035,-0.003649668088041904,0.00197715441602629
31.450001,-59.389999,-0.61,-8.997,2.127,-2.653,0.040693260683849854,-0.030562345352889504,-0.0016491092842263416,0.0028272686822446696
31.58,-59.330002,1.21,-8.894,2.275,-2.685,0.040861466821447104,-0.030531470642247777,0.0032711839900227435,0.0045337267230740235
31.110001,-57.830002,-0.6,-9.148,2.452,-2.632,0.04025333355530989,-0.029759564280886594,-0.0016220747057964016,0.0029572315228756315
30.48,-59.049999,-0.64,-9.037,2.588,-2.612,0.0394381731702884,-0.030387379910980967,-0.0017302130195161619,0.0024401934132637576
29.93,-59.16,-1.02,-8.912,2.653,-2.669,0.03872652634470905,-0.030443986892085027,-0.002757526999853883,0.0018416708175900468
32.189999,-58.220001,-2.75,-9.055,2.864,-2.66,0.04165074655227725,-0.029960259420236262,-0.007434509068233508,0.0014186593546024924
32.970001,-58.5,-1.72,-8.971,2.657,-2.641,0.04265999372908733,-0.030104348093086108,-0.004649947489949685,0.002635232715350513
32.919998,-57.650002,-0.87,-8.904,2.679,-2.702,0.04259529468141561,-0.029666935517523252,-0.0023520083234047826,0.003525450280162525
30.74,-57.740002,-1.84,-8.902,2.693,-2.661,0.03977458803328955,-0.029713249899204923,-0.004974362431108966,0.0016956585676585541
31.299999,-59.549999,-1.47,-8.894,2.783,-2.609,0.04049917259815793,-0.030644682031434695,-0.003974083029201184,0.001960135845840685
31.219999,-60.650002,-0.28,-8.973,2.578,-2.643,0.04039566033261912,-0.03121074824024562,-0.0007569681960383209,0.0028093146321117265
31.860001,-60.02,-0.57,-9.021,2.627,-2.637,0.041223761044736275,-0.030886546539265442,-0.0015409709705065814,0.0029320811783214175
31.42,-59.02,-1.16,-9.025,2.398,-2.65,0.04065444229036948,-0.030371942298357987,-0.003136011097873043,0.002382162964712816
31.059999,-58.860001,0.44,-8.868,2.301,-2.659,0.04018863580154149,-0.03028960613441703,0.0011895214509173612,0.0036961837060139418
30.84,-58.060001,0.5,-8.969,2.379,-2.658,0.03990397836521307,-0.029877922741691067,0.0013517289214970015,0.0037925948483396674
29.219999,-58.02,1.05,-8.987,2.25,-2.679,0.037807853694148755,-0.02985733805745053,0.0028386307351437033,0.003596382123947309
29.25,-58.310001,1.63,-8.918,2.329,-2.683,0.037846672087629124,-0.030006573801917933,0.004406636284080224,0.004082244856597138
29.629999,-59.290001,0.96,-8.99,2.162,-2.634,0.038338354055035176,-0.030510885958007238,0.0025953195292742425,0.0034742625421007273
30.870001,-61.459999,2.21,-8.935,2.124,-2.613,0.039942796758693444,-0.031627576131567935,0.005974641833016746,0.0047632874867140846
30.450001,-62.139999,2.42,-8.992,2.012,-2.65,0.03939935736461467,-0.031977507015385,0.006542367980045487,0.004654739443091718
31.209999,-62.049999,1.52,-8.936,2.217,-2.615,0.040382721299426765,-0.03193119263370333,0.0041092559213508845,0.004186928195691439
31.09,-62.59,1.67,-8.796,2.241,-2.605,0.04022745419502186,-0.0322090794383976,0.004514774597799985,0.0041777164514747505
31.32,-62.400002,1.42,-8.876,2.282,-2.643,0.040525051958445954,-0.032111305661833664,0.003838910137051484,0.004084218811221258
30.469999,-62.09,1.07,-8.883,2.272,-2.624,0.039425232843192735,-0.03195177731794387,0.0028926998920035833,0.0034553851390841488
29.66,-62.18,0.3,-8.816,2.228,-2.611,0.03837717244851555,-0.031998091699625544,0.0008110373528982008,0.002396706033929403
29.92,-61.73,-0.15,-8.747,2.356,-2.628,0.0387135873115167,-0.03176651979121718,-0.0004055186764491004,0.002180516281283473
29.85,-59.630001,-1.04,-8.88,2.372,-2.688,0.03862301407917024,-0.03068585139991577,-0.002811596156713763,0.0017085221741802343
30.01,-59.299999,-0.3,-8.818,2.41,-2.706,0.03883003861024787,-0.03051603097120783,-0.0008110373528982008,0.0025009900953806134
30.530001,-59.0,-1.1,-8.813,2.56,-2.696,0.03950286963015348,-0.030361650213539836,-0.0029738036272934035,0.0020558052631067473
29.190001,-58.98,-2.16,-8.757,2.396,-2.666,0.03776903918237833,-0.030351358128721685,-0.005839468940867046,0.0005260707042632004
30.26,-60.310001,-0.92,-8.571,2.583,-2.647,0.039153514440056665,-0.03103578228373284,-0.002487181215554483,0.0018768503135897804
30.940001,-59.639999,-1.28,-8.677,2.597,-2.681,0.0400333699910399,-0.030690996413116366,-0.0034604260390323238,0.0019606491796304044
31.34,-58.91,-2.73,-8.786,2.556,-2.715,0.04055093002483066,-0.03031533583185816,-0.0073804399113736275,0.0009517180938662896
29.77,-60.830002,-1.98,-8.534,2.284,-2.695,0.038519501813631424,-0.03130337700360896,-0.0053528465291281255,0.0006210927602981125
30.65,-61.880001,-1.66,-8.49,2.288,-2.665,0.03965813673455838,-0.031843710941957544,-0.004487740019370044,0.0011088952577435983
31.27,-63.59,-0.33,-8.424,2.362,-2.633,0.0404603567924842,-0.03272368367930505,-0.000892141088188021,0.002281510674997042
30.889999,-65.059998,0.62,-8.329,2.2,-2.63,0.039968672237271505,-0.03348015088423053,0.0016761438626562816,0.0027215550718990857
31.24,-67.519997,1.16,-8.142,2.339,-2.585,0.04042153969290714,-0.03474607680225863,0.003136011097873043,0.0029371579961738523
31.940001,-67.959999,0.39,-8.243,2.219,-2.604,0.04132727331027509,-0.034972503697466385,0.0010543485587676611,0.002469706057192121
32.09,-67.970001,1.01,-8.2,2.196,-2.625,0.041521357514257055,-0.03497765076908394,0.0027304924214239428,0.003091399722199019
30.889999,-67.970001,1.68,-8.069,1.961,-2.608,0.039968672237271505,-0.03497765076908394,0.004541809176229925,0.003177610214805829
31.15,-68.769997,1.34,-8.05,1.869,-2.598,0.04030508839417597,-0.03538933210339295,0.003622633509611964,0.0028461299334649956
32.91,-70.529999,1.73,-7.856,2.056,-2.595,0.0425823582360299,-0.03629503659659855,0.0046769820683796245,0.003654767902603657
31.92,-71.389999,2.09,-7.696,2.084,-2.606,0.04130139394998707,-0.03673759624377896,0.005650226891857466,0.003404674866021858
31.620001,-69.809998,1.33,-7.749,1.983,-2.67,0.04091322424811983,-0.035924521028540934,0.003595598931182024,0.0028614340502536393
29.719999,-69.720001,1.21,-7.61,1.8,-2.675,0.038454805353766344,-0.03587820819067199,0.0032711839900227435,0.0019492603843723668
29.68,-68.940002,0.13,-7.65,1.986,-2.676,0.038403050514900255,-0.035476817397368424,0.0003514495195892204,0.0010925608790403507
30.209999,-69.440002,-0.01,-7.677,2.023,-2.664,0.039088817980191586,-0.03573411951782215,-2.703457842994003e-05,0.0011092212946464991
33.330002,-72.370003,0.78,-7.546,2.214,-2.624,0.04312580021791532,-0.037241910458285225,0.0021086971175353223,0.002664195625721804
32.200001,-70.489998,-1.53,-7.672,2.127,-2.639,0.04166368817327624,-0.03627445191235801,-0.004136290499780824,0.00041764858704580195
30.15,-68.849998,-1.68,-7.578,2.163,-2.647,0.039011185074940787,-0.03543050095726978,-0.004541809176229925,-0.0003203750195196397
30.59,-66.93,-1.86,-7.641,1.972,-2.66,0.03958050253540427,-0.034442461843935956,-0.005028431587968845,3.653636783315708e-05
31.99,-67.120003,-1.59,-7.557,2.117,-2.637,0.041391967182333525,-0.03454023819352109,-0.004298497970360465,0.0008510770061506571
31.379999,-66.82,-2.12,-7.529,2.116,-2.639,0.04060268486369675,-0.03438585537743613,-0.005731330627147286,0.00016183295303777868
29.370001,-66.449997,-2.29,-7.548,2.041,-2.66,0.03800194177984067,-0.03419545026448765,-0.006190918460456266,-0.0007948089817010822
29.85,-66.800003,-3.34,-7.624,2.149,-2.638,0.03862301407917024,-0.03437556483643071,-0.00902954919559997,-0.0015940333176201465
30.9,-68.779999,-3.17,-7.505,2.148,-2.61,0.03998161256436718,-0.035394479175010506,-0.008569961362290988,-0.0013276093243114386
31.200001,-68.790001,-3.53,-7.562,2.156,-2.632,0.04036978485404105,-0.03539962624662806,-0.00954320618576883,-0.0015243491927852796
